2	1	4	1	2	3	4	1	2	3	4	3	3	2	1	4	2	4	1	4	2	3	2	1	4	2	3	4	2	1	4	1	3	4	1	3	4	3	2	4	1	3	4	2	1	3	4	3	2	3	4	2	1	2	3	4	3	1	3	4	2	3	1	3	1	3	2	1	4	1	4	3	4	2	1	3	0	0	0	0	0	0	0	0	0	0	0	0	0	0	0	0	0	0	0	0	0	0	0	0	0	0	0	0	0	0	0	0	0	0	0	0	0	0	0	0	0	0	0	0	0	0	0	0	0	0	0	0	1	1	1	1	1	1	1	1	1	1	0	0	1	1	1	1	1	1	1	1	1	1	1	0	1	1	1	1	1	1	1	1	1	1	0	1	1	1	1	1	1	0	0	1	1	1	1	1	1	1	1	1	1	0	1	1	1	1	1	1	1	1	1	1	1	0	1	1	1	1	1	1	1	1	1	1	-1	-1	-1	-1	-1	-1	-1	-1	-1	-1	-1	-1	-1	-1	-1	-1	-1	-1	-1	-1	-1	-1	-1	-1	-1	-1	-1	-1	-1	-1	-1	-1	-1	-1	-1	-1	-1	-1	-1	-1	-1	-1	-1	-1	-1	-1	-1	-1	-1	-1	-1	-1	40	Control
1	1	4	1	2	3	4	1	2	3	4	1	4	2	1	4	2	4	1	4	2	3	2	1	4	2	3	4	2	1	4	1	3	4	1	1	4	3	2	4	1	4	3	2	1	3	4	3	3	2	1	2	4	1	3	4	3	1	3	4	4	3	2	1	1	4	2	1	4	1	0	0	0	0	0	0	0	0	0	0	0	0	0	0	0	0	0	0	0	0	0	0	0	0	0	0	0	0	0	0	0	0	0	0	0	0	0	0	0	0	0	0	0	0	0	0	0	0	0	0	0	0	0	0	0	0	0	0	0	1	1	1	1	1	1	1	1	1	1	1	0	1	1	1	1	1	1	1	1	1	1	0	1	1	1	1	1	1	1	1	1	1	0	0	1	1	1	1	1	1	1	1	1	1	1	0	1	1	1	1	1	1	1	1	1	1	1	0	1	1	1	1	1	1	1	1	1	1	-1	-1	-1	-1	-1	-1	-1	-1	-1	-1	-1	-1	-1	-1	-1	-1	-1	-1	-1	-1	-1	-1	-1	-1	-1	-1	-1	-1	-1	-1	-1	-1	-1	-1	-1	-1	-1	-1	-1	-1	-1	-1	-1	-1	-1	-1	-1	-1	-1	-1	-1	-1	-1	-1	-1	-1	-1	-1	41	Control
2	1	4	3	2	3	1	1	2	3	4	1	4	3	2	4	1	3	1	4	2	3	2	1	2	1	3	4	2	3	4	1	3	4	1	4	2	3	1	4	1	3	4	2	1	3	1	3	2	3	4	2	1	2	4	2	1	3	3	4	2	3	1	3	1	3	1	4	2	1	4	3	4	2	1	3	2	1	3	0	0	0	0	0	0	0	0	0	0	0	0	0	0	0	0	0	0	0	0	0	0	0	0	0	0	0	0	0	0	0	0	0	0	0	0	0	0	0	0	0	0	0	0	0	0	0	0	0	1	1	1	0	1	1	0	1	1	1	1	1	1	1	1	1	1	0	1	1	1	1	1	1	1	1	1	1	1	0	1	1	1	1	1	1	1	1	1	1	1	0	0	1	1	1	0	1	1	1	1	1	1	1	1	1	1	0	1	1	1	1	1	1	1	1	1	1	0	1	1	1	1	1	1	1	1	1	1	-1	-1	-1	-1	-1	-1	-1	-1	-1	-1	-1	-1	-1	-1	-1	-1	-1	-1	-1	-1	-1	-1	-1	-1	-1	-1	-1	-1	-1	-1	-1	-1	-1	-1	-1	-1	-1	-1	-1	-1	-1	-1	-1	-1	-1	-1	-1	-1	-1	42	Control
1	3	2	1	2	3	4	1	2	3	4	1	4	3	3	1	2	4	1	4	2	3	2	1	2	1	3	4	2	3	2	1	3	4	1	4	2	3	1	4	1	3	3	2	1	3	4	3	2	3	4	2	1	4	3	4	3	1	3	4	2	3	1	3	1	3	2	1	4	1	4	3	4	2	1	3	0	0	0	0	0	0	0	0	0	0	0	0	0	0	0	0	0	0	0	0	0	0	0	0	0	0	0	0	0	0	0	0	0	0	0	0	0	0	0	0	0	0	0	0	0	0	0	0	0	0	0	0	0	0	0	1	1	1	1	1	1	1	1	1	1	0	0	0	1	1	1	1	1	1	1	1	1	1	1	1	1	0	0	1	1	1	1	1	1	1	1	1	1	0	1	1	1	1	1	1	1	1	1	1	0	0	1	1	1	1	1	1	1	1	1	1	1	0	1	1	1	1	1	1	1	1	1	1	-1	-1	-1	-1	-1	-1	-1	-1	-1	-1	-1	-1	-1	-1	-1	-1	-1	-1	-1	-1	-1	-1	-1	-1	-1	-1	-1	-1	-1	-1	-1	-1	-1	-1	-1	-1	-1	-1	-1	-1	-1	-1	-1	-1	-1	-1	-1	-1	-1	-1	-1	-1	43	Control
1	1	4	1	2	3	4	1	2	3	4	1	4	2	1	4	2	3	1	4	2	3	2	1	2	1	3	4	2	3	4	1	4	4	1	4	2	3	1	4	1	3	4	2	3	3	4	3	2	3	4	3	1	2	4	2	1	1	1	2	4	3	1	2	2	1	4	1	2	3	4	4	3	4	2	1	3	2	1	4	2	4	4	1	2	3	2	3	4	2	3	4	0	0	0	0	0	0	0	0	0	0	0	0	0	0	0	0	0	0	0	0	0	0	0	0	0	0	0	0	0	0	0	0	0	0	0	0	0	1	1	1	1	1	1	1	1	1	1	1	0	1	1	1	1	0	1	1	1	1	1	1	1	1	1	1	1	0	1	1	0	1	1	1	1	1	1	1	1	1	1	1	0	1	1	1	1	1	1	0	1	1	1	1	1	0	1	1	1	1	1	1	1	1	1	1	1	1	0	1	1	1	1	1	1	1	1	1	1	0	1	1	1	1	1	1	1	1	1	1	-1	-1	-1	-1	-1	-1	-1	-1	-1	-1	-1	-1	-1	-1	-1	-1	-1	-1	-1	-1	-1	-1	-1	-1	-1	-1	-1	-1	-1	-1	-1	-1	-1	-1	-1	-1	44	Control
1	1	4	1	2	3	4	1	2	3	4	1	4	1	2	4	2	4	1	4	2	3	2	1	2	1	3	4	2	1	4	1	3	4	1	4	2	2	2	4	1	4	3	2	1	3	4	3	2	2	1	2	4	1	3	4	3	1	3	4	4	3	1	1	1	4	2	1	4	1	4	3	4	0	0	0	0	0	0	0	0	0	0	0	0	0	0	0	0	0	0	0	0	0	0	0	0	0	0	0	0	0	0	0	0	0	0	0	0	0	0	0	0	0	0	0	0	0	0	0	0	0	0	0	0	0	0	0	0	1	1	1	1	1	1	1	1	1	1	1	0	0	0	1	1	1	1	1	1	1	1	1	1	0	1	1	1	1	1	1	1	1	1	1	0	0	1	1	1	1	1	1	1	1	1	1	0	1	1	1	1	1	1	1	1	1	1	0	1	1	0	1	1	1	1	1	1	1	1	1	1	-1	-1	-1	-1	-1	-1	-1	-1	-1	-1	-1	-1	-1	-1	-1	-1	-1	-1	-1	-1	-1	-1	-1	-1	-1	-1	-1	-1	-1	-1	-1	-1	-1	-1	-1	-1	-1	-1	-1	-1	-1	-1	-1	-1	-1	-1	-1	-1	-1	-1	-1	-1	-1	-1	-1	45	Control
1	1	4	1	2	3	4	1	2	3	4	1	4	2	1	4	2	4	1	4	2	3	2	1	4	2	3	4	2	1	4	1	3	4	1	3	4	3	2	4	1	3	3	2	1	3	4	3	2	3	4	2	1	4	3	4	3	1	3	4	2	3	1	3	1	3	2	1	3	1	4	3	4	2	1	3	2	1	3	0	0	0	0	0	0	0	0	0	0	0	0	0	0	0	0	0	0	0	0	0	0	0	0	0	0	0	0	0	0	0	0	0	0	0	0	0	0	0	0	0	0	0	0	0	0	0	0	0	0	1	1	1	1	1	1	1	1	1	1	1	0	1	1	1	1	1	1	1	1	1	1	0	1	1	1	1	1	1	1	1	1	1	0	1	1	1	1	1	1	0	1	1	1	1	1	1	1	1	1	1	0	0	1	1	1	1	1	1	1	1	1	1	1	0	1	1	0	1	1	1	1	1	1	1	1	1	1	-1	-1	-1	-1	-1	-1	-1	-1	-1	-1	-1	-1	-1	-1	-1	-1	-1	-1	-1	-1	-1	-1	-1	-1	-1	-1	-1	-1	-1	-1	-1	-1	-1	-1	-1	-1	-1	-1	-1	-1	-1	-1	-1	-1	-1	-1	-1	-1	-1	46	Control
2	1	4	1	2	3	4	1	2	3	4	1	3	2	1	4	2	4	1	4	2	3	2	1	4	2	3	4	2	1	4	1	3	4	1	1	4	3	2	4	1	4	3	2	1	3	4	3	3	2	1	2	4	1	3	4	3	1	3	4	4	3	2	1	1	4	2	4	4	1	4	3	4	2	1	3	2	1	0	0	0	0	0	0	0	0	0	0	0	0	0	0	0	0	0	0	0	0	0	0	0	0	0	0	0	0	0	0	0	0	0	0	0	0	0	0	0	0	0	0	0	0	0	0	0	0	0	0	1	1	1	1	1	1	1	1	1	1	0	1	1	1	1	1	1	1	1	1	1	1	1	0	1	1	1	1	1	1	1	1	1	1	0	0	1	1	1	1	1	1	1	1	1	1	1	0	1	1	1	1	1	1	1	1	1	1	1	0	1	1	1	1	1	1	1	0	1	1	1	1	1	1	1	1	1	1	-1	-1	-1	-1	-1	-1	-1	-1	-1	-1	-1	-1	-1	-1	-1	-1	-1	-1	-1	-1	-1	-1	-1	-1	-1	-1	-1	-1	-1	-1	-1	-1	-1	-1	-1	-1	-1	-1	-1	-1	-1	-1	-1	-1	-1	-1	-1	-1	-1	-1	47	Control
1	4	1	1	2	3	4	1	2	3	4	1	4	3	1	4	2	4	1	4	2	3	2	1	2	3	4	4	2	3	1	1	4	3	4	4	2	3	1	4	1	3	4	2	3	2	4	1	2	3	4	2	1	2	4	2	1	3	1	2	2	3	1	3	1	3	1	4	2	3	1	3	4	2	1	3	2	1	3	4	2	0	0	0	0	0	0	0	0	0	0	0	0	0	0	0	0	0	0	0	0	0	0	0	0	0	0	0	0	0	0	0	0	0	0	0	0	0	0	0	0	0	0	0	0	0	0	0	0	0	0	1	1	1	1	1	1	1	1	1	1	0	1	1	1	1	1	1	1	1	1	1	0	0	0	1	1	0	0	1	0	0	0	1	1	1	1	1	1	1	1	1	1	0	1	0	1	1	1	1	1	1	1	1	1	1	0	0	1	1	1	1	1	1	1	1	1	1	0	1	1	1	1	1	1	1	1	1	1	-1	-1	-1	-1	-1	-1	-1	-1	-1	-1	-1	-1	-1	-1	-1	-1	-1	-1	-1	-1	-1	-1	-1	-1	-1	-1	-1	-1	-1	-1	-1	-1	-1	-1	-1	-1	-1	-1	-1	-1	-1	-1	-1	-1	-1	-1	-1	48	Control
1	1	4	1	2	3	4	1	2	3	4	1	4	2	1	4	2	4	1	4	2	3	2	1	4	2	3	4	2	1	4	1	3	4	1	3	4	3	2	4	1	4	3	2	1	3	4	3	3	2	1	2	4	1	3	4	3	1	3	4	4	3	2	1	1	4	2	1	4	1	0	0	0	0	0	0	0	0	0	0	0	0	0	0	0	0	0	0	0	0	0	0	0	0	0	0	0	0	0	0	0	0	0	0	0	0	0	0	0	0	0	0	0	0	0	0	0	0	0	0	0	0	0	0	0	0	0	0	0	1	1	1	1	1	1	1	1	1	1	1	0	1	1	1	1	1	1	1	1	1	1	0	1	1	1	1	1	1	1	1	1	1	0	1	1	1	1	1	1	1	1	1	1	1	1	0	1	1	1	1	1	1	1	1	1	1	1	0	1	1	1	1	1	1	1	1	1	1	-1	-1	-1	-1	-1	-1	-1	-1	-1	-1	-1	-1	-1	-1	-1	-1	-1	-1	-1	-1	-1	-1	-1	-1	-1	-1	-1	-1	-1	-1	-1	-1	-1	-1	-1	-1	-1	-1	-1	-1	-1	-1	-1	-1	-1	-1	-1	-1	-1	-1	-1	-1	-1	-1	-1	-1	-1	-1	49	Control
1	1	1	4	2	3	4	1	2	3	4	1	4	3	2	4	3	4	1	4	3	2	2	1	3	1	3	4	2	3	4	2	4	3	2	1	4	2	2	3	1	3	4	2	3	2	1	3	2	4	1	4	2	1	1	4	2	1	3	3	2	3	1	3	1	2	2	1	2	3	4	1	2	3	4	1	4	3	2	4	3	3	1	3	2	3	2	3	2	1	3	2	2	3	4	2	4	3	2	1	4	2	4	3	1	2	3	2	3	2	4	3	2	4	1	3	2	4	1	3	2	0	0	0	0	0	0	0	0	1	0	0	1	1	1	1	1	1	1	1	1	1	0	1	0	1	1	1	0	0	1	1	0	1	1	1	1	1	1	1	1	1	1	0	0	0	0	0	1	1	1	1	1	1	1	1	1	1	0	0	0	0	0	0	0	0	0	0	0	1	1	0	0	0	0	1	1	1	1	1	1	1	1	1	1	0	0	1	0	0	1	0	1	1	1	0	1	1	1	0	1	1	1	1	1	1	1	1	1	1	0	0	1	0	0	1	1	1	0	1	1	1	1	1	1	1	1	1	1	-1	-1	-1	-1	-1	-1	-1	50	Control
1	3	4	1	2	3	4	1	2	3	4	1	4	2	1	4	2	4	1	4	2	3	2	1	4	2	3	4	2	1	4	1	3	4	1	3	4	3	2	4	1	4	3	2	1	3	4	3	2	2	1	2	4	1	3	4	3	1	3	4	4	3	2	1	1	4	2	1	4	1	0	0	0	0	0	0	0	0	0	0	0	0	0	0	0	0	0	0	0	0	0	0	0	0	0	0	0	0	0	0	0	0	0	0	0	0	0	0	0	0	0	0	0	0	0	0	0	0	0	0	0	0	0	0	0	0	0	0	0	0	1	1	1	1	1	1	1	1	1	1	0	1	1	1	1	1	1	1	1	1	1	0	1	1	1	1	1	1	1	1	1	1	0	1	1	1	1	1	1	1	1	1	1	1	1	0	0	1	1	1	1	1	1	1	1	1	1	0	1	1	1	1	1	1	1	1	1	1	-1	-1	-1	-1	-1	-1	-1	-1	-1	-1	-1	-1	-1	-1	-1	-1	-1	-1	-1	-1	-1	-1	-1	-1	-1	-1	-1	-1	-1	-1	-1	-1	-1	-1	-1	-1	-1	-1	-1	-1	-1	-1	-1	-1	-1	-1	-1	-1	-1	-1	-1	-1	-1	-1	-1	-1	-1	-1	51	Control
1	1	4	1	2	3	4	1	2	3	4	1	4	2	1	4	2	4	1	4	1	3	2	1	2	1	3	4	2	3	4	2	4	4	1	4	2	3	1	4	1	3	4	2	3	3	4	3	2	3	4	2	1	2	4	2	3	1	3	4	2	3	1	3	1	3	1	1	4	1	4	3	4	2	1	3	2	0	0	0	0	0	0	0	0	0	0	0	0	0	0	0	0	0	0	0	0	0	0	0	0	0	0	0	0	0	0	0	0	0	0	0	0	0	0	0	0	0	0	0	0	0	0	0	0	0	0	0	0	1	1	1	1	1	1	1	1	1	1	1	0	1	1	1	1	1	1	1	0	1	1	1	1	1	1	1	1	1	1	0	0	1	1	1	1	1	1	1	1	1	1	1	0	1	1	1	1	1	1	1	1	1	1	0	1	1	1	1	1	1	1	1	1	1	0	1	1	1	1	1	1	1	1	1	1	-1	-1	-1	-1	-1	-1	-1	-1	-1	-1	-1	-1	-1	-1	-1	-1	-1	-1	-1	-1	-1	-1	-1	-1	-1	-1	-1	-1	-1	-1	-1	-1	-1	-1	-1	-1	-1	-1	-1	-1	-1	-1	-1	-1	-1	-1	-1	-1	-1	-1	-1	52	Control
1	4	2	4	2	3	1	1	3	2	2	1	3	3	2	4	2	4	1	3	4	2	3	4	2	3	4	1	2	3	2	1	4	3	2	3	4	3	2	4	1	4	3	2	2	3	4	3	2	2	4	2	4	1	3	4	3	1	3	4	2	3	1	2	2	1	1	4	2	3	1	4	3	2	2	1	2	2	3	4	2	3	4	1	2	3	2	3	4	2	4	1	2	1	2	1	4	3	2	4	4	3	2	4	1	4	3	2	1	3	4	3	2	4	1	3	2	2	1	3	2	3	3	2	2	3	1	1	0	0	0	0	1	1	0	1	0	0	0	1	0	1	1	1	0	0	1	1	1	1	1	1	0	1	1	1	1	0	1	1	1	1	1	1	1	1	1	1	1	0	0	0	1	1	1	0	0	1	0	1	1	1	1	1	1	1	1	1	1	1	0	0	0	0	0	0	0	0	0	0	0	1	0	0	1	0	1	1	1	1	1	1	1	1	1	1	0	0	1	1	1	1	1	1	1	1	1	0	1	1	1	1	1	1	1	1	1	1	1	0	0	0	1	0	0	0	0	0	0	0	1	0	1	1	1	0	53	Control
1	1	4	1	2	3	4	1	2	3	4	1	4	2	1	4	2	4	1	4	2	3	2	1	2	3	3	4	2	3	2	1	4	3	2	3	4	2	2	4	1	2	4	1	1	3	2	1	3	4	2	3	2	4	1	3	2	1	3	2	4	3	2	3	1	1	2	3	4	2	4	4	4	3	2	3	2	3	2	4	1	3	1	3	4	2	3	4	2	3	3	4	2	1	4	2	3	4	2	3	4	3	1	4	1	2	3	2	1	3	4	1	3	2	4	3	2	4	3	4	3	1	3	4	2	3	1	3	0	1	1	1	1	1	1	1	1	1	1	1	0	1	1	1	1	1	1	1	1	1	1	0	0	0	1	1	1	0	0	1	0	0	0	0	0	0	0	1	1	0	1	0	0	0	0	0	0	1	0	1	1	1	1	1	1	1	1	1	1	1	0	0	0	1	0	0	0	0	1	0	0	1	0	0	0	1	1	1	1	1	1	1	1	1	1	0	1	0	1	1	1	0	1	1	0	0	1	0	1	0	0	0	1	1	0	0	0	1	1	1	1	1	0	0	0	0	1	1	1	1	1	1	1	1	1	1	54	Control
1	4	4	1	2	3	4	1	2	3	4	1	4	2	1	4	2	4	1	4	2	3	2	1	4	2	3	4	2	1	4	1	3	4	1	3	4	3	2	4	1	3	3	2	1	3	4	3	2	3	4	2	1	1	3	4	3	1	3	4	2	3	1	3	1	4	2	1	4	1	4	3	4	2	0	0	0	0	0	0	0	0	0	0	0	0	0	0	0	0	0	0	0	0	0	0	0	0	0	0	0	0	0	0	0	0	0	0	0	0	0	0	0	0	0	0	0	0	0	0	0	0	0	0	0	0	0	0	0	0	1	1	1	1	1	1	1	1	1	1	0	1	1	1	1	1	1	1	1	1	1	0	1	1	1	1	1	1	1	1	1	1	0	1	1	1	1	1	1	0	1	1	1	1	1	1	1	1	1	1	0	1	1	1	1	1	1	1	1	1	1	0	1	1	1	1	1	1	1	1	1	1	-1	-1	-1	-1	-1	-1	-1	-1	-1	-1	-1	-1	-1	-1	-1	-1	-1	-1	-1	-1	-1	-1	-1	-1	-1	-1	-1	-1	-1	-1	-1	-1	-1	-1	-1	-1	-1	-1	-1	-1	-1	-1	-1	-1	-1	-1	-1	-1	-1	-1	-1	-1	-1	-1	55	Control
1	3	4	1	2	3	4	1	2	3	4	1	4	1	1	4	2	4	1	4	2	3	2	1	2	2	3	4	2	1	4	1	3	4	1	4	4	2	2	4	1	4	3	2	1	3	4	3	2	2	1	2	4	1	3	4	3	1	3	4	4	3	2	1	1	4	2	1	4	1	0	0	0	0	0	0	0	0	0	0	0	0	0	0	0	0	0	0	0	0	0	0	0	0	0	0	0	0	0	0	0	0	0	0	0	0	0	0	0	0	0	0	0	0	0	0	0	0	0	0	0	0	0	0	0	0	0	0	0	0	1	1	1	1	1	1	1	1	1	1	0	0	1	1	1	1	1	1	1	1	1	1	0	1	1	1	1	1	1	1	1	1	1	0	1	0	1	1	1	1	1	1	1	1	1	1	0	1	1	1	1	1	1	1	1	1	1	0	1	1	1	1	1	1	1	1	1	1	-1	-1	-1	-1	-1	-1	-1	-1	-1	-1	-1	-1	-1	-1	-1	-1	-1	-1	-1	-1	-1	-1	-1	-1	-1	-1	-1	-1	-1	-1	-1	-1	-1	-1	-1	-1	-1	-1	-1	-1	-1	-1	-1	-1	-1	-1	-1	-1	-1	-1	-1	-1	-1	-1	-1	-1	-1	-1	56	Control
1	1	4	1	2	3	4	1	2	3	4	1	4	2	1	3	2	4	1	4	2	3	2	1	2	1	3	4	2	3	4	1	3	4	1	4	2	3	1	4	1	3	4	2	1	3	4	3	2	3	4	2	1	2	3	4	3	1	3	4	2	3	1	3	1	3	2	1	3	1	4	3	4	2	1	3	2	1	3	0	0	0	0	0	0	0	0	0	0	0	0	0	0	0	0	0	0	0	0	0	0	0	0	0	0	0	0	0	0	0	0	0	0	0	0	0	0	0	0	0	0	0	0	0	0	0	0	0	0	1	1	1	1	1	1	1	1	1	1	1	0	1	1	0	1	1	1	1	1	1	1	1	1	1	1	1	1	0	1	1	1	1	1	1	1	1	1	1	1	0	0	1	1	1	1	1	1	1	1	1	1	0	1	1	1	1	1	1	1	1	1	1	1	0	1	1	0	1	1	1	1	1	1	1	1	1	1	-1	-1	-1	-1	-1	-1	-1	-1	-1	-1	-1	-1	-1	-1	-1	-1	-1	-1	-1	-1	-1	-1	-1	-1	-1	-1	-1	-1	-1	-1	-1	-1	-1	-1	-1	-1	-1	-1	-1	-1	-1	-1	-1	-1	-1	-1	-1	-1	-1	57	Control
1	3	1	4	4	4	1	3	3	4	2	3	2	2	2	4	1	3	1	3	4	2	3	4	1	1	3	4	2	3	4	2	4	3	2	1	4	3	1	4	1	3	4	2	3	2	1	3	2	4	1	2	1	2	4	2	1	3	1	2	4	3	1	2	1	4	2	4	2	3	1	4	3	4	2	1	3	2	1	4	2	3	4	1	2	3	2	3	4	0	0	0	0	0	0	0	0	0	0	0	0	0	0	0	0	0	0	0	0	0	0	0	0	0	0	0	0	0	0	0	0	0	0	0	0	0	0	0	0	0	0	0	0	0	0	0	0	0	0	0	0	0	1	1	1	1	1	1	1	1	1	1	0	1	1	1	1	1	1	1	1	1	1	0	0	1	1	1	1	1	1	1	1	1	1	1	1	0	0	1	1	1	1	1	1	1	1	1	1	1	1	0	1	0	0	1	1	1	1	1	1	1	1	1	1	0	0	1	1	1	1	1	1	1	1	1	1	-1	-1	-1	-1	-1	-1	-1	-1	-1	-1	-1	-1	-1	-1	-1	-1	-1	-1	-1	-1	-1	-1	-1	-1	-1	-1	-1	-1	-1	-1	-1	-1	-1	-1	-1	-1	-1	-1	-1	58	Control
1	1	4	1	2	3	4	1	2	3	4	1	4	2	1	4	2	4	1	4	2	3	2	1	4	2	3	4	2	1	4	1	3	4	1	3	4	3	2	4	1	4	3	2	1	3	4	3	3	2	1	2	4	1	3	4	3	1	3	4	4	3	1	1	1	4	2	1	4	1	4	3	4	0	0	0	0	0	0	0	0	0	0	0	0	0	0	0	0	0	0	0	0	0	0	0	0	0	0	0	0	0	0	0	0	0	0	0	0	0	0	0	0	0	0	0	0	0	0	0	0	0	0	0	0	0	0	0	0	1	1	1	1	1	1	1	1	1	1	1	0	1	1	1	1	1	1	1	1	1	1	0	1	1	1	1	1	1	1	1	1	1	0	1	1	1	1	1	1	1	1	1	1	1	1	0	1	1	1	1	1	1	1	1	1	1	1	0	1	1	0	1	1	1	1	1	1	1	1	1	1	-1	-1	-1	-1	-1	-1	-1	-1	-1	-1	-1	-1	-1	-1	-1	-1	-1	-1	-1	-1	-1	-1	-1	-1	-1	-1	-1	-1	-1	-1	-1	-1	-1	-1	-1	-1	-1	-1	-1	-1	-1	-1	-1	-1	-1	-1	-1	-1	-1	-1	-1	-1	-1	-1	-1	59	Control
1	4	4	1	2	3	4	1	2	3	4	1	4	2	1	4	2	4	1	4	2	3	2	1	4	2	3	4	2	1	4	1	3	4	1	3	4	3	2	4	1	4	3	2	1	3	4	3	3	2	1	2	4	1	3	4	3	1	3	4	4	3	2	1	1	4	2	1	4	1	0	0	0	0	0	0	0	0	0	0	0	0	0	0	0	0	0	0	0	0	0	0	0	0	0	0	0	0	0	0	0	0	0	0	0	0	0	0	0	0	0	0	0	0	0	0	0	0	0	0	0	0	0	0	0	0	0	0	0	0	1	1	1	1	1	1	1	1	1	1	0	1	1	1	1	1	1	1	1	1	1	0	1	1	1	1	1	1	1	1	1	1	0	1	1	1	1	1	1	1	1	1	1	1	1	0	1	1	1	1	1	1	1	1	1	1	1	0	1	1	1	1	1	1	1	1	1	1	-1	-1	-1	-1	-1	-1	-1	-1	-1	-1	-1	-1	-1	-1	-1	-1	-1	-1	-1	-1	-1	-1	-1	-1	-1	-1	-1	-1	-1	-1	-1	-1	-1	-1	-1	-1	-1	-1	-1	-1	-1	-1	-1	-1	-1	-1	-1	-1	-1	-1	-1	-1	-1	-1	-1	-1	-1	-1	60	Control
1	1	4	1	2	3	4	1	2	3	4	1	4	2	1	4	2	4	1	4	2	3	2	1	1	2	3	4	2	1	4	1	3	4	1	4	4	2	2	2	1	2	4	2	3	3	4	3	2	3	4	2	1	2	4	2	2	1	3	2	2	3	1	3	1	3	1	4	2	3	1	3	4	2	1	3	2	1	3	4	2	0	0	0	0	0	0	0	0	0	0	0	0	0	0	0	0	0	0	0	0	0	0	0	0	0	0	0	0	0	0	0	0	0	0	0	0	0	0	0	0	0	0	0	0	0	0	0	0	1	1	1	1	1	1	1	1	1	1	1	0	1	1	1	1	1	1	1	1	1	1	0	0	1	1	1	1	1	1	1	1	1	1	0	1	0	1	0	1	0	0	1	0	1	1	1	1	1	1	1	1	1	1	0	0	1	1	0	1	1	1	1	1	1	1	1	1	1	0	1	1	1	1	1	1	1	1	1	1	-1	-1	-1	-1	-1	-1	-1	-1	-1	-1	-1	-1	-1	-1	-1	-1	-1	-1	-1	-1	-1	-1	-1	-1	-1	-1	-1	-1	-1	-1	-1	-1	-1	-1	-1	-1	-1	-1	-1	-1	-1	-1	-1	-1	-1	-1	-1	61	Control
1	1	4	1	2	3	4	1	2	3	4	1	4	3	1	4	2	4	1	4	2	3	2	1	2	3	3	4	2	1	4	1	3	4	1	4	2	3	2	4	1	4	3	2	1	3	4	3	3	2	1	2	4	1	3	4	3	1	3	4	2	3	1	1	1	4	2	1	4	1	4	3	4	0	0	0	0	0	0	0	0	0	0	0	0	0	0	0	0	0	0	0	0	0	0	0	0	0	0	0	0	0	0	0	0	0	0	0	0	0	0	0	0	0	0	0	0	0	0	0	0	0	0	0	0	0	0	0	0	1	1	1	1	1	1	1	1	1	1	1	0	0	1	1	1	1	1	1	1	1	1	1	0	0	1	1	1	1	1	1	1	1	1	1	0	1	1	1	1	1	1	1	1	1	1	0	1	1	1	1	1	1	1	1	1	1	1	0	0	1	0	1	1	1	1	1	1	1	1	1	1	-1	-1	-1	-1	-1	-1	-1	-1	-1	-1	-1	-1	-1	-1	-1	-1	-1	-1	-1	-1	-1	-1	-1	-1	-1	-1	-1	-1	-1	-1	-1	-1	-1	-1	-1	-1	-1	-1	-1	-1	-1	-1	-1	-1	-1	-1	-1	-1	-1	-1	-1	-1	-1	-1	-1	62	Control
1	4	4	1	2	3	4	1	2	3	1	1	4	3	2	4	1	3	1	3	4	2	2	1	2	1	3	4	2	3	4	2	4	4	1	4	2	3	1	4	1	3	4	2	3	3	4	3	2	3	4	2	1	2	4	2	3	1	3	2	2	3	1	3	1	3	1	4	2	3	1	3	4	2	1	3	2	1	3	4	2	0	0	0	0	0	0	0	0	0	0	0	0	0	0	0	0	0	0	0	0	0	0	0	0	0	0	0	0	0	0	0	0	0	0	0	0	0	0	0	0	0	0	0	0	0	0	0	0	0	1	1	1	1	1	1	1	1	0	1	1	1	1	1	1	1	1	1	1	0	1	1	1	1	1	1	1	1	1	1	0	1	1	1	1	1	1	1	1	1	1	1	0	1	1	1	1	1	1	1	1	1	1	0	1	1	1	0	1	1	1	1	1	1	1	1	1	1	0	1	1	1	1	1	1	1	1	1	1	-1	-1	-1	-1	-1	-1	-1	-1	-1	-1	-1	-1	-1	-1	-1	-1	-1	-1	-1	-1	-1	-1	-1	-1	-1	-1	-1	-1	-1	-1	-1	-1	-1	-1	-1	-1	-1	-1	-1	-1	-1	-1	-1	-1	-1	-1	-1	63	Control
1	3	4	1	2	3	4	1	2	3	4	1	4	2	1	4	2	4	1	4	2	3	2	4	2	3	3	4	2	1	4	1	3	4	1	4	2	3	2	4	1	4	3	2	1	3	4	3	2	2	1	2	1	1	3	4	3	1	3	4	2	3	1	3	2	1	2	1	4	1	4	3	4	2	1	3	0	0	0	0	0	0	0	0	0	0	0	0	0	0	0	0	0	0	0	0	0	0	0	0	0	0	0	0	0	0	0	0	0	0	0	0	0	0	0	0	0	0	0	0	0	0	0	0	0	0	0	0	0	0	1	1	1	1	1	1	1	1	1	1	0	1	1	1	1	1	1	1	1	1	1	0	0	0	1	1	1	1	1	1	1	1	1	1	0	1	1	1	1	1	1	1	1	1	1	0	0	1	1	1	0	1	1	1	1	1	1	1	1	1	1	0	0	0	1	1	1	1	1	1	1	1	1	1	-1	-1	-1	-1	-1	-1	-1	-1	-1	-1	-1	-1	-1	-1	-1	-1	-1	-1	-1	-1	-1	-1	-1	-1	-1	-1	-1	-1	-1	-1	-1	-1	-1	-1	-1	-1	-1	-1	-1	-1	-1	-1	-1	-1	-1	-1	-1	-1	-1	-1	-1	-1	64	Control
1	1	4	1	2	3	4	1	2	3	4	1	4	2	1	4	2	4	1	4	2	3	2	1	4	2	3	4	2	1	4	1	3	4	1	3	4	3	2	4	1	4	3	2	1	3	4	3	3	2	1	2	4	1	3	4	3	1	3	4	4	3	2	1	1	4	2	1	4	1	0	0	0	0	0	0	0	0	0	0	0	0	0	0	0	0	0	0	0	0	0	0	0	0	0	0	0	0	0	0	0	0	0	0	0	0	0	0	0	0	0	0	0	0	0	0	0	0	0	0	0	0	0	0	0	0	0	0	0	1	1	1	1	1	1	1	1	1	1	1	0	1	1	1	1	1	1	1	1	1	1	0	1	1	1	1	1	1	1	1	1	1	0	1	1	1	1	1	1	1	1	1	1	1	1	0	1	1	1	1	1	1	1	1	1	1	1	0	1	1	1	1	1	1	1	1	1	1	-1	-1	-1	-1	-1	-1	-1	-1	-1	-1	-1	-1	-1	-1	-1	-1	-1	-1	-1	-1	-1	-1	-1	-1	-1	-1	-1	-1	-1	-1	-1	-1	-1	-1	-1	-1	-1	-1	-1	-1	-1	-1	-1	-1	-1	-1	-1	-1	-1	-1	-1	-1	-1	-1	-1	-1	-1	-1	65	Control
1	1	4	1	2	3	4	1	2	3	4	1	4	1	1	4	2	4	1	4	2	3	2	1	2	2	3	4	2	1	4	1	3	4	1	4	4	3	2	4	1	4	3	2	1	3	4	3	3	2	1	2	4	1	3	4	3	1	3	4	4	1	1	1	1	4	2	1	4	1	4	3	4	0	0	0	0	0	0	0	0	0	0	0	0	0	0	0	0	0	0	0	0	0	0	0	0	0	0	0	0	0	0	0	0	0	0	0	0	0	0	0	0	0	0	0	0	0	0	0	0	0	0	0	0	0	0	0	0	1	1	1	1	1	1	1	1	1	1	1	0	0	1	1	1	1	1	1	1	1	1	1	0	1	1	1	1	1	1	1	1	1	1	0	1	1	1	1	1	1	1	1	1	1	1	0	1	1	1	1	1	1	1	1	1	1	1	0	1	0	0	1	1	1	1	1	1	1	1	1	1	-1	-1	-1	-1	-1	-1	-1	-1	-1	-1	-1	-1	-1	-1	-1	-1	-1	-1	-1	-1	-1	-1	-1	-1	-1	-1	-1	-1	-1	-1	-1	-1	-1	-1	-1	-1	-1	-1	-1	-1	-1	-1	-1	-1	-1	-1	-1	-1	-1	-1	-1	-1	-1	-1	-1	66	Control
1	1	4	1	2	3	4	1	2	3	4	1	4	1	1	4	2	4	1	4	2	3	2	1	2	2	3	4	2	1	4	1	3	4	1	4	4	2	2	4	1	4	3	2	1	3	4	3	2	2	1	2	4	1	3	4	3	1	3	4	4	3	2	1	1	4	2	1	4	1	0	0	0	0	0	0	0	0	0	0	0	0	0	0	0	0	0	0	0	0	0	0	0	0	0	0	0	0	0	0	0	0	0	0	0	0	0	0	0	0	0	0	0	0	0	0	0	0	0	0	0	0	0	0	0	0	0	0	0	1	1	1	1	1	1	1	1	1	1	1	0	0	1	1	1	1	1	1	1	1	1	1	0	1	1	1	1	1	1	1	1	1	1	0	1	0	1	1	1	1	1	1	1	1	1	1	0	1	1	1	1	1	1	1	1	1	1	0	1	1	1	1	1	1	1	1	1	1	-1	-1	-1	-1	-1	-1	-1	-1	-1	-1	-1	-1	-1	-1	-1	-1	-1	-1	-1	-1	-1	-1	-1	-1	-1	-1	-1	-1	-1	-1	-1	-1	-1	-1	-1	-1	-1	-1	-1	-1	-1	-1	-1	-1	-1	-1	-1	-1	-1	-1	-1	-1	-1	-1	-1	-1	-1	-1	67	Control
1	1	4	1	2	3	4	1	2	3	4	1	4	2	1	4	2	4	1	4	2	3	2	1	1	1	3	4	2	3	4	2	4	4	1	4	2	3	1	4	1	3	4	2	3	3	4	3	2	3	4	2	1	2	4	2	3	1	3	4	2	3	1	3	1	3	1	1	2	1	4	3	4	2	1	3	2	1	3	0	0	0	0	0	0	0	0	0	0	0	0	0	0	0	0	0	0	0	0	0	0	0	0	0	0	0	0	0	0	0	0	0	0	0	0	0	0	0	0	0	0	0	0	0	0	0	0	0	0	1	1	1	1	1	1	1	1	1	1	1	0	1	1	1	1	1	1	1	1	1	1	0	0	0	1	1	1	0	1	0	0	1	1	1	1	1	1	1	1	1	1	1	0	1	1	1	1	1	1	1	1	1	1	0	1	1	1	1	1	1	1	1	1	1	0	1	0	1	1	1	1	1	1	1	1	1	1	-1	-1	-1	-1	-1	-1	-1	-1	-1	-1	-1	-1	-1	-1	-1	-1	-1	-1	-1	-1	-1	-1	-1	-1	-1	-1	-1	-1	-1	-1	-1	-1	-1	-1	-1	-1	-1	-1	-1	-1	-1	-1	-1	-1	-1	-1	-1	-1	-1	68	Control
1	1	4	1	2	3	4	1	2	3	4	1	4	2	1	4	2	4	1	4	2	3	2	1	4	2	3	4	2	1	4	1	3	4	1	3	4	3	2	4	1	4	3	2	1	3	4	3	3	2	1	2	4	1	3	4	3	1	3	4	4	3	2	1	1	4	2	1	4	1	0	0	0	0	0	0	0	0	0	0	0	0	0	0	0	0	0	0	0	0	0	0	0	0	0	0	0	0	0	0	0	0	0	0	0	0	0	0	0	0	0	0	0	0	0	0	0	0	0	0	0	0	0	0	0	0	0	0	0	1	1	1	1	1	1	1	1	1	1	1	0	1	1	1	1	1	1	1	1	1	1	0	1	1	1	1	1	1	1	1	1	1	0	1	1	1	1	1	1	1	1	1	1	1	1	0	1	1	1	1	1	1	1	1	1	1	1	0	1	1	1	1	1	1	1	1	1	1	-1	-1	-1	-1	-1	-1	-1	-1	-1	-1	-1	-1	-1	-1	-1	-1	-1	-1	-1	-1	-1	-1	-1	-1	-1	-1	-1	-1	-1	-1	-1	-1	-1	-1	-1	-1	-1	-1	-1	-1	-1	-1	-1	-1	-1	-1	-1	-1	-1	-1	-1	-1	-1	-1	-1	-1	-1	-1	69	Control
1	1	4	1	2	3	4	1	2	3	4	1	4	2	1	4	2	4	1	4	2	3	2	1	1	2	3	4	2	1	4	1	3	4	1	4	4	3	2	4	1	4	3	2	1	3	4	3	3	2	1	2	4	1	3	4	3	1	3	4	4	3	2	1	1	4	2	1	4	1	0	0	0	0	0	0	0	0	0	0	0	0	0	0	0	0	0	0	0	0	0	0	0	0	0	0	0	0	0	0	0	0	0	0	0	0	0	0	0	0	0	0	0	0	0	0	0	0	0	0	0	0	0	0	0	0	0	0	0	1	1	1	1	1	1	1	1	1	1	1	0	1	1	1	1	1	1	1	1	1	1	0	0	1	1	1	1	1	1	1	1	1	1	0	1	1	1	1	1	1	1	1	1	1	1	0	1	1	1	1	1	1	1	1	1	1	1	0	1	1	1	1	1	1	1	1	1	1	-1	-1	-1	-1	-1	-1	-1	-1	-1	-1	-1	-1	-1	-1	-1	-1	-1	-1	-1	-1	-1	-1	-1	-1	-1	-1	-1	-1	-1	-1	-1	-1	-1	-1	-1	-1	-1	-1	-1	-1	-1	-1	-1	-1	-1	-1	-1	-1	-1	-1	-1	-1	-1	-1	-1	-1	-1	-1	70	Control
1	1	4	1	2	3	4	1	2	3	4	1	4	2	1	4	2	4	1	4	2	3	2	1	4	2	3	4	2	1	4	1	3	4	1	3	4	3	2	4	1	4	3	2	1	3	4	3	3	2	1	2	4	1	3	4	3	1	3	4	4	3	2	1	1	4	2	1	4	1	0	0	0	0	0	0	0	0	0	0	0	0	0	0	0	0	0	0	0	0	0	0	0	0	0	0	0	0	0	0	0	0	0	0	0	0	0	0	0	0	0	0	0	0	0	0	0	0	0	0	0	0	0	0	0	0	0	0	0	1	1	1	1	1	1	1	1	1	1	1	0	1	1	1	1	1	1	1	1	1	1	0	1	1	1	1	1	1	1	1	1	1	0	1	1	1	1	1	1	1	1	1	1	1	1	0	1	1	1	1	1	1	1	1	1	1	1	0	1	1	1	1	1	1	1	1	1	1	-1	-1	-1	-1	-1	-1	-1	-1	-1	-1	-1	-1	-1	-1	-1	-1	-1	-1	-1	-1	-1	-1	-1	-1	-1	-1	-1	-1	-1	-1	-1	-1	-1	-1	-1	-1	-1	-1	-1	-1	-1	-1	-1	-1	-1	-1	-1	-1	-1	-1	-1	-1	-1	-1	-1	-1	-1	-1	71	Control
1	1	4	1	2	3	4	1	2	3	4	1	4	2	1	4	2	4	1	4	2	3	2	1	4	2	3	4	2	1	4	1	3	4	1	3	4	3	2	4	1	4	3	2	1	3	4	3	3	2	1	2	4	1	3	4	3	1	3	4	4	3	2	1	1	4	2	1	4	1	0	0	0	0	0	0	0	0	0	0	0	0	0	0	0	0	0	0	0	0	0	0	0	0	0	0	0	0	0	0	0	0	0	0	0	0	0	0	0	0	0	0	0	0	0	0	0	0	0	0	0	0	0	0	0	0	0	0	0	1	1	1	1	1	1	1	1	1	1	1	0	1	1	1	1	1	1	1	1	1	1	0	1	1	1	1	1	1	1	1	1	1	0	1	1	1	1	1	1	1	1	1	1	1	1	0	1	1	1	1	1	1	1	1	1	1	1	0	1	1	1	1	1	1	1	1	1	1	-1	-1	-1	-1	-1	-1	-1	-1	-1	-1	-1	-1	-1	-1	-1	-1	-1	-1	-1	-1	-1	-1	-1	-1	-1	-1	-1	-1	-1	-1	-1	-1	-1	-1	-1	-1	-1	-1	-1	-1	-1	-1	-1	-1	-1	-1	-1	-1	-1	-1	-1	-1	-1	-1	-1	-1	-1	-1	72	Control
2	1	4	1	2	3	4	1	2	3	4	1	3	2	1	4	2	4	1	4	2	3	2	1	4	2	3	4	2	1	4	1	3	4	1	3	4	3	2	4	1	4	3	2	1	3	4	3	2	2	1	2	4	1	3	4	3	1	3	4	4	3	1	1	1	4	2	1	4	3	4	3	4	2	1	3	2	1	3	4	0	0	0	0	0	0	0	0	0	0	0	0	0	0	0	0	0	0	0	0	0	0	0	0	0	0	0	0	0	0	0	0	0	0	0	0	0	0	0	0	0	0	0	0	0	0	0	0	1	1	1	1	1	1	1	1	1	1	0	1	1	1	1	1	1	1	1	1	1	1	1	0	1	1	1	1	1	1	1	1	1	1	0	1	1	1	1	1	1	1	1	1	1	1	1	0	0	1	1	1	1	1	1	1	1	1	1	0	1	1	0	1	1	1	1	1	1	0	1	1	1	1	1	1	1	1	1	1	-1	-1	-1	-1	-1	-1	-1	-1	-1	-1	-1	-1	-1	-1	-1	-1	-1	-1	-1	-1	-1	-1	-1	-1	-1	-1	-1	-1	-1	-1	-1	-1	-1	-1	-1	-1	-1	-1	-1	-1	-1	-1	-1	-1	-1	-1	-1	-1	73	Control
1	1	2	4	4	3	4	1	3	3	4	1	4	3	2	4	1	3	1	4	2	3	2	1	2	1	3	4	2	3	4	1	3	4	1	4	2	3	1	4	1	3	3	2	1	3	4	3	2	3	4	2	1	4	1	3	3	1	3	4	2	3	1	3	1	3	1	1	4	1	4	3	4	2	1	3	2	0	0	0	0	0	0	0	0	0	0	0	0	0	0	0	0	0	0	0	0	0	0	0	0	0	0	0	0	0	0	0	0	0	0	0	0	0	0	0	0	0	0	0	0	0	0	0	0	0	0	0	0	1	0	0	0	1	1	1	0	1	1	1	1	1	1	1	1	1	1	1	1	1	1	1	1	1	1	1	1	0	1	1	1	1	1	1	1	1	1	1	1	0	1	1	1	1	1	1	1	1	1	1	0	0	0	0	1	1	1	1	1	1	1	1	1	1	0	1	1	1	1	1	1	1	1	1	1	-1	-1	-1	-1	-1	-1	-1	-1	-1	-1	-1	-1	-1	-1	-1	-1	-1	-1	-1	-1	-1	-1	-1	-1	-1	-1	-1	-1	-1	-1	-1	-1	-1	-1	-1	-1	-1	-1	-1	-1	-1	-1	-1	-1	-1	-1	-1	-1	-1	-1	-1	74	Control
1	1	4	1	2	3	4	1	2	3	4	1	4	3	3	4	2	4	1	4	2	3	2	1	2	1	3	4	2	1	4	1	3	4	1	4	2	2	4	4	1	4	3	2	1	3	4	3	2	3	1	2	4	1	3	4	3	1	3	4	2	3	2	1	1	4	2	1	4	1	4	0	0	0	0	0	0	0	0	0	0	0	0	0	0	0	0	0	0	0	0	0	0	0	0	0	0	0	0	0	0	0	0	0	0	0	0	0	0	0	0	0	0	0	0	0	0	0	0	0	0	0	0	0	0	0	0	0	0	1	1	1	1	1	1	1	1	1	1	1	0	0	0	1	1	1	1	1	1	1	1	1	1	0	1	1	1	1	1	1	1	1	1	1	0	0	0	1	1	1	1	1	1	1	1	1	1	0	1	1	1	1	1	1	1	1	1	1	0	1	1	1	1	1	1	1	1	1	1	-1	-1	-1	-1	-1	-1	-1	-1	-1	-1	-1	-1	-1	-1	-1	-1	-1	-1	-1	-1	-1	-1	-1	-1	-1	-1	-1	-1	-1	-1	-1	-1	-1	-1	-1	-1	-1	-1	-1	-1	-1	-1	-1	-1	-1	-1	-1	-1	-1	-1	-1	-1	-1	-1	-1	-1	-1	75	Control
2	1	4	1	2	3	4	1	2	3	4	3	2	1	1	4	2	4	1	4	2	3	2	1	2	2	3	4	2	1	4	1	3	4	1	4	4	3	2	4	1	4	3	2	1	3	4	3	3	2	1	2	4	1	3	4	3	1	3	4	4	3	2	1	1	4	2	1	4	1	0	0	0	0	0	0	0	0	0	0	0	0	0	0	0	0	0	0	0	0	0	0	0	0	0	0	0	0	0	0	0	0	0	0	0	0	0	0	0	0	0	0	0	0	0	0	0	0	0	0	0	0	0	0	0	0	0	0	1	1	1	1	1	1	1	1	1	1	0	0	0	0	1	1	1	1	1	1	1	1	1	1	0	1	1	1	1	1	1	1	1	1	1	0	1	1	1	1	1	1	1	1	1	1	1	0	1	1	1	1	1	1	1	1	1	1	1	0	1	1	1	1	1	1	1	1	1	1	-1	-1	-1	-1	-1	-1	-1	-1	-1	-1	-1	-1	-1	-1	-1	-1	-1	-1	-1	-1	-1	-1	-1	-1	-1	-1	-1	-1	-1	-1	-1	-1	-1	-1	-1	-1	-1	-1	-1	-1	-1	-1	-1	-1	-1	-1	-1	-1	-1	-1	-1	-1	-1	-1	-1	-1	-1	-1	76	Control
1	2	3	3	4	3	4	3	4	2	3	1	2	2	3	3	2	3	4	2	1	3	4	3	4	2	1	1	3	1	2	1	4	3	2	3	4	3	2	4	1	4	4	2	1	2	4	3	2	4	1	3	1	2	4	3	3	1	1	2	4	4	3	1	2	4	3	1	2	3	4	4	3	4	2	1	3	2	1	4	2	4	1	3	2	3	2	1	4	2	3	4	2	3	4	2	3	4	1	4	2	3	1	4	1	3	4	1	3	3	4	3	2	4	1	2	4	1	3	3	1	3	1	2	4	3	1	2	0	0	0	0	0	1	1	0	0	0	0	1	0	0	0	0	0	1	0	0	0	0	0	0	0	0	0	1	0	1	1	1	1	1	1	1	1	1	1	0	1	0	1	0	0	0	1	0	0	0	1	0	0	0	0	0	1	1	0	0	0	0	0	0	0	0	0	0	1	1	0	1	1	1	1	1	1	1	1	1	1	0	0	0	1	1	1	0	1	1	1	1	1	0	1	0	1	1	1	1	1	1	1	1	1	1	0	0	0	1	1	1	1	0	0	1	0	0	0	0	1	1	1	1	1	1	1	1	77	Control
1	4	4	1	2	3	4	1	2	3	4	1	4	2	1	4	2	4	1	4	2	3	2	3	4	2	3	4	2	1	4	1	3	4	2	4	4	2	1	4	1	4	3	2	1	3	4	3	2	3	1	3	4	1	2	4	3	1	3	4	2	3	1	3	1	3	2	1	4	1	4	3	4	2	1	3	0	0	0	0	0	0	0	0	0	0	0	0	0	0	0	0	0	0	0	0	0	0	0	0	0	0	0	0	0	0	0	0	0	0	0	0	0	0	0	0	0	0	0	0	0	0	0	0	0	0	0	0	0	0	1	1	1	1	1	1	1	1	1	1	0	1	1	1	1	1	1	1	1	1	1	1	1	1	1	1	1	1	1	1	1	0	1	0	1	0	0	1	1	1	1	1	1	1	1	1	1	0	1	0	1	1	0	1	1	1	1	1	1	1	1	1	1	0	1	1	1	1	1	1	1	1	1	1	-1	-1	-1	-1	-1	-1	-1	-1	-1	-1	-1	-1	-1	-1	-1	-1	-1	-1	-1	-1	-1	-1	-1	-1	-1	-1	-1	-1	-1	-1	-1	-1	-1	-1	-1	-1	-1	-1	-1	-1	-1	-1	-1	-1	-1	-1	-1	-1	-1	-1	-1	-1	78	Control
2	1	4	1	2	2	1	3	2	3	4	1	4	3	2	4	1	3	1	3	2	3	2	1	2	1	3	4	2	3	4	2	3	4	1	4	2	3	1	4	1	3	4	2	1	3	4	3	2	3	4	2	1	2	3	4	3	1	3	4	2	3	1	3	1	3	2	1	4	1	4	3	4	2	1	3	0	0	0	0	0	0	0	0	0	0	0	0	0	0	0	0	0	0	0	0	0	0	0	0	0	0	0	0	0	0	0	0	0	0	0	0	0	0	0	0	0	0	0	0	0	0	0	0	0	0	0	0	1	1	1	1	1	0	0	0	1	1	1	1	1	1	1	1	1	1	1	0	1	1	1	1	1	1	1	1	1	1	1	0	1	1	1	1	1	1	1	1	1	1	0	1	1	1	1	1	1	1	1	1	1	0	1	1	1	1	1	1	1	1	1	1	1	0	1	1	1	1	1	1	1	1	1	1	-1	-1	-1	-1	-1	-1	-1	-1	-1	-1	-1	-1	-1	-1	-1	-1	-1	-1	-1	-1	-1	-1	-1	-1	-1	-1	-1	-1	-1	-1	-1	-1	-1	-1	-1	-1	-1	-1	-1	-1	-1	-1	-1	-1	-1	-1	-1	-1	-1	-1	-1	-1	79	Control
1	1	4	1	2	3	4	1	2	3	4	1	4	1	1	4	2	4	1	4	2	3	2	1	2	2	3	4	2	1	4	1	3	4	1	4	4	2	1	3	1	4	3	2	1	3	4	3	2	3	4	2	4	1	3	4	3	1	3	4	2	3	1	1	1	4	2	1	4	3	4	3	2	4	1	3	2	1	3	4	2	3	4	1	0	0	0	0	0	0	0	0	0	0	0	0	0	0	0	0	0	0	0	0	0	0	0	0	0	0	0	0	0	0	0	0	0	0	0	0	0	0	0	0	0	0	0	0	0	1	1	1	1	1	1	1	1	1	1	1	0	0	1	1	1	1	1	1	1	1	1	1	0	1	1	1	1	1	1	1	1	1	1	0	1	0	0	0	1	1	1	1	1	1	1	1	1	1	0	1	1	1	1	1	1	1	1	1	1	1	0	1	1	1	1	1	1	0	1	1	0	0	1	1	1	1	1	1	1	1	1	1	-1	-1	-1	-1	-1	-1	-1	-1	-1	-1	-1	-1	-1	-1	-1	-1	-1	-1	-1	-1	-1	-1	-1	-1	-1	-1	-1	-1	-1	-1	-1	-1	-1	-1	-1	-1	-1	-1	-1	-1	-1	-1	-1	-1	80	Control
1	3	4	1	2	3	4	1	2	3	4	1	4	2	1	4	2	4	1	4	2	3	2	1	4	2	3	4	2	1	4	1	3	4	1	3	4	3	2	4	1	4	3	2	1	3	4	3	3	2	1	2	4	1	3	4	3	1	3	4	4	3	2	1	1	4	2	1	4	1	0	0	0	0	0	0	0	0	0	0	0	0	0	0	0	0	0	0	0	0	0	0	0	0	0	0	0	0	0	0	0	0	0	0	0	0	0	0	0	0	0	0	0	0	0	0	0	0	0	0	0	0	0	0	0	0	0	0	0	0	1	1	1	1	1	1	1	1	1	1	0	1	1	1	1	1	1	1	1	1	1	0	1	1	1	1	1	1	1	1	1	1	0	1	1	1	1	1	1	1	1	1	1	1	1	0	1	1	1	1	1	1	1	1	1	1	1	0	1	1	1	1	1	1	1	1	1	1	-1	-1	-1	-1	-1	-1	-1	-1	-1	-1	-1	-1	-1	-1	-1	-1	-1	-1	-1	-1	-1	-1	-1	-1	-1	-1	-1	-1	-1	-1	-1	-1	-1	-1	-1	-1	-1	-1	-1	-1	-1	-1	-1	-1	-1	-1	-1	-1	-1	-1	-1	-1	-1	-1	-1	-1	-1	-1	81	Control
1	1	4	1	2	3	4	1	2	3	4	1	4	2	1	4	2	4	1	4	2	3	2	1	4	2	3	4	2	1	4	1	3	4	1	3	4	3	2	4	1	4	3	2	1	3	4	3	3	2	1	2	4	1	3	4	3	1	3	4	4	3	2	1	1	4	2	1	4	1	0	0	0	0	0	0	0	0	0	0	0	0	0	0	0	0	0	0	0	0	0	0	0	0	0	0	0	0	0	0	0	0	0	0	0	0	0	0	0	0	0	0	0	0	0	0	0	0	0	0	0	0	0	0	0	0	0	0	0	1	1	1	1	1	1	1	1	1	1	1	0	1	1	1	1	1	1	1	1	1	1	0	1	1	1	1	1	1	1	1	1	1	0	1	1	1	1	1	1	1	1	1	1	1	1	0	1	1	1	1	1	1	1	1	1	1	1	0	1	1	1	1	1	1	1	1	1	1	-1	-1	-1	-1	-1	-1	-1	-1	-1	-1	-1	-1	-1	-1	-1	-1	-1	-1	-1	-1	-1	-1	-1	-1	-1	-1	-1	-1	-1	-1	-1	-1	-1	-1	-1	-1	-1	-1	-1	-1	-1	-1	-1	-1	-1	-1	-1	-1	-1	-1	-1	-1	-1	-1	-1	-1	-1	-1	82	Control
1	4	2	3	2	3	1	4	2	3	1	1	2	3	2	4	1	3	1	3	4	2	3	4	2	1	3	4	2	3	4	2	4	3	2	3	4	2	1	3	1	3	4	2	3	2	1	3	2	4	1	2	1	2	4	2	1	3	1	2	4	3	1	2	1	4	1	4	2	3	1	4	3	4	2	1	3	3	1	4	2	3	4	1	2	3	2	3	4	0	0	0	0	0	0	0	0	0	0	0	0	0	0	0	0	0	0	0	0	0	0	0	0	0	0	0	0	0	0	0	0	0	0	0	0	0	0	0	0	0	0	0	1	1	0	0	1	1	0	1	0	1	1	1	1	1	1	1	1	1	1	0	1	1	1	1	1	1	1	1	1	1	0	0	0	0	1	0	1	1	1	1	1	1	1	1	1	1	0	1	1	1	1	1	1	1	1	1	1	1	1	0	1	0	1	1	1	1	1	1	1	1	1	1	0	0	0	1	1	1	1	1	1	1	1	1	1	-1	-1	-1	-1	-1	-1	-1	-1	-1	-1	-1	-1	-1	-1	-1	-1	-1	-1	-1	-1	-1	-1	-1	-1	-1	-1	-1	-1	-1	-1	-1	-1	-1	-1	-1	-1	-1	-1	-1	83	Control
1	1	4	1	2	3	4	1	2	3	4	1	4	2	1	4	2	4	1	4	2	3	2	1	4	2	3	4	2	1	4	1	3	4	1	3	4	3	2	4	1	4	3	2	1	3	4	3	3	2	1	2	4	1	3	4	3	1	3	4	4	3	2	1	1	4	2	4	2	1	4	3	4	2	1	3	2	1	3	0	0	0	0	0	0	0	0	0	0	0	0	0	0	0	0	0	0	0	0	0	0	0	0	0	0	0	0	0	0	0	0	0	0	0	0	0	0	0	0	0	0	0	0	0	0	0	0	0	0	1	1	1	1	1	1	1	1	1	1	1	0	1	1	1	1	1	1	1	1	1	1	0	1	1	1	1	1	1	1	1	1	1	0	1	1	1	1	1	1	1	1	1	1	1	1	0	1	1	1	1	1	1	1	1	1	1	1	0	1	1	1	1	1	1	1	0	0	1	1	1	1	1	1	1	1	1	1	-1	-1	-1	-1	-1	-1	-1	-1	-1	-1	-1	-1	-1	-1	-1	-1	-1	-1	-1	-1	-1	-1	-1	-1	-1	-1	-1	-1	-1	-1	-1	-1	-1	-1	-1	-1	-1	-1	-1	-1	-1	-1	-1	-1	-1	-1	-1	-1	-1	84	Control
1	4	3	1	4	2	4	2	3	1	1	2	4	2	2	2	1	3	1	3	2	2	3	4	1	3	4	1	2	1	2	1	4	3	2	3	4	3	4	3	1	2	4	1	2	3	4	1	3	3	1	2	4	3	4	2	1	3	2	4	2	3	1	3	1	3	2	4	3	2	1	3	4	2	1	3	2	1	3	4	2	3	4	1	4	2	3	4	1	3	4	1	2	1	2	1	4	3	2	1	4	2	4	3	1	2	4	1	2	2	1	3	2	4	1	3	2	4	1	0	0	0	0	0	0	0	0	0	0	0	0	1	0	0	1	0	0	0	0	0	1	0	1	0	1	1	1	1	0	1	1	1	1	1	1	1	1	1	1	0	1	1	1	0	1	0	1	1	1	1	1	1	1	1	1	1	0	0	1	0	0	0	0	0	0	0	0	0	0	1	0	0	1	0	1	0	0	0	0	1	1	1	1	1	1	1	1	1	1	1	0	0	1	1	1	1	1	1	1	1	1	1	0	0	1	1	1	1	1	1	1	1	1	1	1	0	0	1	1	1	1	1	1	1	1	1	1	-1	-1	-1	-1	-1	-1	-1	-1	-1	85	Control
1	1	4	1	2	3	4	1	2	3	4	1	4	2	1	4	2	4	1	4	2	3	2	1	4	2	3	4	2	1	4	1	3	4	1	3	4	3	2	4	1	4	3	2	1	3	4	3	3	2	1	2	4	1	3	4	3	1	3	4	4	3	2	1	1	4	2	1	4	1	0	0	0	0	0	0	0	0	0	0	0	0	0	0	0	0	0	0	0	0	0	0	0	0	0	0	0	0	0	0	0	0	0	0	0	0	0	0	0	0	0	0	0	0	0	0	0	0	0	0	0	0	0	0	0	0	0	0	0	1	1	1	1	1	1	1	1	1	1	1	0	1	1	1	1	1	1	1	1	1	1	0	1	1	1	1	1	1	1	1	1	1	0	1	1	1	1	1	1	1	1	1	1	1	1	0	1	1	1	1	1	1	1	1	1	1	1	0	1	1	1	1	1	1	1	1	1	1	-1	-1	-1	-1	-1	-1	-1	-1	-1	-1	-1	-1	-1	-1	-1	-1	-1	-1	-1	-1	-1	-1	-1	-1	-1	-1	-1	-1	-1	-1	-1	-1	-1	-1	-1	-1	-1	-1	-1	-1	-1	-1	-1	-1	-1	-1	-1	-1	-1	-1	-1	-1	-1	-1	-1	-1	-1	-1	86	Control
1	2	2	4	2	3	1	4	3	3	4	1	4	2	2	4	2	4	1	4	4	2	3	4	1	3	4	1	2	1	2	2	4	3	2	1	4	2	4	3	1	2	3	1	2	2	1	3	2	4	1	3	2	4	1	3	3	3	1	2	4	3	1	2	2	1	4	1	2	3	4	1	4	3	2	1	3	2	1	4	2	4	1	4	2	3	2	1	2	2	3	4	2	1	4	1	3	4	1	0	0	0	0	0	0	0	0	0	0	0	0	0	0	0	0	0	0	0	0	0	0	0	0	0	0	0	0	0	0	0	0	0	1	1	0	0	0	1	1	1	1	0	1	1	0	0	1	0	1	1	1	1	1	1	1	1	1	1	0	1	1	1	1	1	1	1	1	1	1	0	0	0	0	1	1	1	1	1	1	1	1	1	1	0	0	1	1	1	1	1	1	1	1	1	1	0	1	1	0	0	0	0	1	1	1	1	1	1	1	1	1	1	1	1	1	0	0	1	1	1	1	1	1	1	1	1	1	-1	-1	-1	-1	-1	-1	-1	-1	-1	-1	-1	-1	-1	-1	-1	-1	-1	-1	-1	-1	-1	-1	-1	-1	-1	-1	-1	-1	-1	87	Control
1	4	3	2	2	3	4	1	2	3	4	1	4	3	2	1	4	4	1	4	2	3	2	1	2	1	3	4	2	3	4	2	3	4	1	4	2	3	1	4	1	3	4	2	1	3	4	3	2	3	1	2	1	2	4	2	1	3	1	2	4	3	1	2	1	3	1	4	2	3	1	4	3	4	2	3	2	1	3	4	2	3	4	1	2	0	0	0	0	0	0	0	0	0	0	0	0	0	0	0	0	0	0	0	0	0	0	0	0	0	0	0	0	0	0	0	0	0	0	0	0	0	0	0	0	0	0	0	0	0	0	0	1	1	1	1	1	1	1	1	1	1	0	0	0	1	1	1	1	1	1	1	1	1	1	1	1	0	1	0	1	1	1	1	1	1	1	1	1	1	0	1	1	1	1	1	1	1	0	1	1	1	1	1	1	1	1	1	1	1	1	0	1	1	1	1	1	1	1	1	1	1	0	1	1	1	1	1	1	1	1	1	1	-1	-1	-1	-1	-1	-1	-1	-1	-1	-1	-1	-1	-1	-1	-1	-1	-1	-1	-1	-1	-1	-1	-1	-1	-1	-1	-1	-1	-1	-1	-1	-1	-1	-1	-1	-1	-1	-1	-1	-1	-1	-1	-1	88	Control
1	1	4	1	2	3	4	1	2	3	4	1	4	1	1	4	2	4	1	4	2	3	2	1	2	2	3	4	2	1	4	1	3	4	1	4	2	3	1	4	1	4	3	2	1	3	4	3	2	3	1	3	4	1	3	4	3	1	3	4	2	3	1	2	1	4	2	1	4	1	4	3	4	2	0	0	0	0	0	0	0	0	0	0	0	0	0	0	0	0	0	0	0	0	0	0	0	0	0	0	0	0	0	0	0	0	0	0	0	0	0	0	0	0	0	0	0	0	0	0	0	0	0	0	0	0	0	0	0	1	1	1	1	1	1	1	1	1	1	1	0	0	1	1	1	1	1	1	1	1	1	1	0	1	1	1	1	1	1	1	1	1	1	0	0	1	0	1	1	1	1	1	1	1	1	1	1	0	1	0	1	1	1	1	1	1	1	1	1	1	0	0	1	1	1	1	1	1	1	1	1	1	-1	-1	-1	-1	-1	-1	-1	-1	-1	-1	-1	-1	-1	-1	-1	-1	-1	-1	-1	-1	-1	-1	-1	-1	-1	-1	-1	-1	-1	-1	-1	-1	-1	-1	-1	-1	-1	-1	-1	-1	-1	-1	-1	-1	-1	-1	-1	-1	-1	-1	-1	-1	-1	-1	1	SDI
1	4	4	1	2	3	4	1	2	3	4	1	4	1	2	4	3	3	4	3	2	3	2	4	4	1	4	4	2	1	2	2	4	3	2	1	4	2	4	3	1	2	3	2	3	3	1	3	3	2	4	3	1	4	4	4	3	3	3	2	4	3	1	1	1	4	2	1	4	1	4	3	4	2	1	1	4	3	2	4	1	3	1	3	4	2	2	4	1	1	4	1	2	1	4	1	4	4	1	4	4	3	2	3	1	2	4	1	1	3	4	1	3	2	1	2	4	1	3	4	2	1	3	2	4	3	2	1	0	0	1	1	1	1	1	1	1	1	1	1	0	0	0	1	0	0	0	0	1	1	1	0	0	1	0	1	1	0	0	1	1	1	1	1	1	1	1	1	1	0	0	1	1	0	1	1	0	0	0	1	0	1	0	0	0	0	1	1	1	1	0	1	1	1	1	1	1	1	1	1	1	0	0	1	1	1	1	1	1	1	1	1	1	0	1	0	0	1	0	0	1	0	1	0	1	0	0	0	1	0	0	1	1	1	1	1	0	1	1	1	1	1	1	1	1	1	1	0	1	1	1	1	1	1	1	1	2	SDI
1	1	4	1	2	3	4	1	2	3	4	1	4	2	1	4	2	4	1	4	2	3	2	1	1	3	4	1	2	3	2	1	4	4	1	4	2	3	1	4	1	3	4	2	3	3	4	3	2	3	4	2	1	2	4	2	2	1	3	4	2	3	1	3	1	3	1	4	2	3	4	3	4	1	1	3	2	1	3	4	2	3	4	1	0	0	0	0	0	0	0	0	0	0	0	0	0	0	0	0	0	0	0	0	0	0	0	0	0	0	0	0	0	0	0	0	0	0	0	0	0	0	0	0	0	0	0	0	0	1	1	1	1	1	1	1	1	1	1	1	0	1	1	1	1	1	1	1	1	1	1	0	0	0	0	0	1	0	0	1	0	1	1	1	1	1	1	1	1	1	1	1	0	1	1	1	1	1	1	1	1	1	1	0	0	1	1	1	1	1	1	1	1	1	1	0	0	0	1	1	1	0	1	1	1	1	1	1	1	1	1	1	-1	-1	-1	-1	-1	-1	-1	-1	-1	-1	-1	-1	-1	-1	-1	-1	-1	-1	-1	-1	-1	-1	-1	-1	-1	-1	-1	-1	-1	-1	-1	-1	-1	-1	-1	-1	-1	-1	-1	-1	-1	-1	-1	-1	3	SDI
1	1	4	1	2	3	4	1	2	3	4	1	4	2	1	4	2	4	1	4	2	3	2	1	1	2	3	4	2	1	4	1	3	4	1	4	4	2	2	4	1	4	3	2	1	3	4	3	2	2	1	2	4	1	3	4	3	1	3	4	2	3	2	1	1	4	2	1	4	1	4	0	0	0	0	0	0	0	0	0	0	0	0	0	0	0	0	0	0	0	0	0	0	0	0	0	0	0	0	0	0	0	0	0	0	0	0	0	0	0	0	0	0	0	0	0	0	0	0	0	0	0	0	0	0	0	0	0	0	1	1	1	1	1	1	1	1	1	1	1	0	1	1	1	1	1	1	1	1	1	1	0	0	1	1	1	1	1	1	1	1	1	1	0	1	0	1	1	1	1	1	1	1	1	1	1	0	1	1	1	1	1	1	1	1	1	1	0	0	1	1	1	1	1	1	1	1	1	1	-1	-1	-1	-1	-1	-1	-1	-1	-1	-1	-1	-1	-1	-1	-1	-1	-1	-1	-1	-1	-1	-1	-1	-1	-1	-1	-1	-1	-1	-1	-1	-1	-1	-1	-1	-1	-1	-1	-1	-1	-1	-1	-1	-1	-1	-1	-1	-1	-1	-1	-1	-1	-1	-1	-1	-1	-1	4	SDI
1	3	4	1	2	3	4	1	2	3	4	1	4	2	1	4	2	3	1	1	2	3	2	1	2	1	3	4	2	3	4	2	4	3	1	4	2	3	1	4	1	3	4	2	3	2	1	3	2	4	4	2	1	2	4	2	1	3	1	2	4	3	1	3	1	3	1	4	2	3	1	4	2	2	1	3	2	1	3	4	2	3	4	0	0	0	0	0	0	0	0	0	0	0	0	0	0	0	0	0	0	0	0	0	0	0	0	0	0	0	0	0	0	0	0	0	0	0	0	0	0	0	0	0	0	0	0	0	0	0	1	1	1	1	1	1	1	1	1	1	0	1	1	1	1	0	1	0	1	1	1	1	1	1	1	1	1	1	1	0	0	0	1	1	1	1	1	1	1	1	1	1	0	0	0	1	1	0	1	1	1	1	1	1	1	1	1	1	0	1	1	1	1	1	1	1	1	1	1	0	0	1	1	1	1	1	1	1	1	1	1	-1	-1	-1	-1	-1	-1	-1	-1	-1	-1	-1	-1	-1	-1	-1	-1	-1	-1	-1	-1	-1	-1	-1	-1	-1	-1	-1	-1	-1	-1	-1	-1	-1	-1	-1	-1	-1	-1	-1	-1	-1	-1	-1	-1	-1	5	SDI
1	4	4	1	2	3	4	1	2	3	4	1	4	1	3	4	2	3	1	4	2	3	2	1	2	1	3	4	2	3	4	2	4	4	1	4	2	3	1	4	1	3	4	2	3	2	1	1	2	4	4	2	1	2	4	2	1	3	1	2	4	3	1	3	1	3	1	4	2	3	1	4	3	2	1	3	2	1	3	4	2	3	4	0	0	0	0	0	0	0	0	0	0	0	0	0	0	0	0	0	0	0	0	0	0	0	0	0	0	0	0	0	0	0	0	0	0	0	0	0	0	0	0	0	0	0	0	0	0	0	1	1	1	1	1	1	1	1	1	1	0	0	0	1	1	0	1	1	1	1	1	1	1	1	1	1	1	0	1	0	0	1	1	1	1	1	1	1	1	1	1	1	0	0	0	0	1	0	1	1	1	1	1	1	1	1	1	1	0	1	1	1	1	1	1	1	1	1	1	0	0	1	1	1	1	1	1	1	1	1	1	-1	-1	-1	-1	-1	-1	-1	-1	-1	-1	-1	-1	-1	-1	-1	-1	-1	-1	-1	-1	-1	-1	-1	-1	-1	-1	-1	-1	-1	-1	-1	-1	-1	-1	-1	-1	-1	-1	-1	-1	-1	-1	-1	-1	-1	6	SDI
2	1	4	1	2	3	4	1	2	3	4	3	4	1	2	4	2	3	4	1	2	3	2	3	2	1	3	4	2	1	4	1	4	3	2	1	4	2	4	3	1	2	4	1	2	3	4	1	3	2	1	2	4	2	4	4	2	1	3	2	4	3	2	1	1	4	2	1	2	3	4	1	2	3	4	1	4	3	1	4	1	4	1	3	2	3	2	1	1	3	4	1	2	3	4	2	4	3	2	1	4	2	4	3	1	2	4	1	2	2	1	3	2	4	1	3	2	4	1	0	0	0	0	0	0	0	0	0	1	1	1	1	1	1	1	1	1	1	0	0	0	0	0	1	1	0	0	0	1	1	1	0	1	1	1	1	1	0	1	0	1	1	1	1	1	1	1	1	1	1	1	0	0	0	0	0	0	0	1	0	0	0	0	0	1	1	1	1	1	1	1	1	1	1	0	1	1	1	1	1	1	1	1	1	1	0	1	1	0	1	1	0	1	1	1	1	0	0	0	0	1	1	1	1	1	1	1	1	1	1	0	0	1	0	1	0	0	1	1	1	1	1	1	1	1	1	1	-1	-1	-1	-1	-1	-1	-1	-1	-1	7	SDI
1	1	4	1	2	3	4	1	2	3	4	1	4	2	1	4	2	4	1	4	2	3	2	1	1	3	4	4	2	3	2	2	4	4	1	4	2	3	1	4	1	3	4	2	3	3	4	3	2	3	4	2	1	2	4	2	3	1	3	4	2	3	1	3	1	3	1	1	2	1	4	3	4	2	1	3	2	1	3	0	0	0	0	0	0	0	0	0	0	0	0	0	0	0	0	0	0	0	0	0	0	0	0	0	0	0	0	0	0	0	0	0	0	0	0	0	0	0	0	0	0	0	0	0	0	0	0	0	0	1	1	1	1	1	1	1	1	1	1	1	0	1	1	1	1	1	1	1	1	1	1	0	0	0	0	1	1	0	0	0	0	1	1	1	1	1	1	1	1	1	1	1	0	1	1	1	1	1	1	1	1	1	1	0	1	1	1	1	1	1	1	1	1	1	0	1	0	1	1	1	1	1	1	1	1	1	1	-1	-1	-1	-1	-1	-1	-1	-1	-1	-1	-1	-1	-1	-1	-1	-1	-1	-1	-1	-1	-1	-1	-1	-1	-1	-1	-1	-1	-1	-1	-1	-1	-1	-1	-1	-1	-1	-1	-1	-1	-1	-1	-1	-1	-1	-1	-1	-1	-1	8	SDI
1	1	4	1	2	3	4	1	2	3	4	1	4	2	1	4	2	3	4	3	2	3	2	3	2	1	3	4	2	3	4	2	4	3	2	4	2	3	1	4	1	3	4	2	3	2	4	1	2	4	1	2	1	2	4	2	1	3	1	2	4	3	1	2	1	4	1	4	2	3	1	4	3	4	2	1	3	3	1	4	2	3	4	1	2	3	2	3	4	0	0	0	0	0	0	0	0	0	0	0	0	0	0	0	0	0	0	0	0	0	0	0	0	0	0	0	0	0	0	0	0	0	0	0	0	0	0	0	0	1	1	1	1	1	1	1	1	1	1	1	0	1	1	1	1	0	0	0	1	1	1	0	1	1	1	1	1	1	1	1	1	1	0	1	1	1	1	1	1	1	1	1	1	0	1	0	1	0	0	1	1	1	1	1	1	1	1	1	1	1	1	0	1	0	1	1	1	1	1	1	1	1	1	1	0	0	0	1	1	1	1	1	1	1	1	1	1	-1	-1	-1	-1	-1	-1	-1	-1	-1	-1	-1	-1	-1	-1	-1	-1	-1	-1	-1	-1	-1	-1	-1	-1	-1	-1	-1	-1	-1	-1	-1	-1	-1	-1	-1	-1	-1	-1	-1	9	SDI
1	3	4	1	2	3	4	1	2	3	4	1	4	2	1	4	2	4	1	4	2	3	2	1	4	1	3	4	2	1	4	1	3	4	1	4	2	3	1	4	1	3	4	1	3	3	4	3	3	4	1	3	4	1	3	3	3	3	1	2	4	3	1	2	2	1	4	1	2	3	4	3	2	4	1	3	2	2	1	4	2	4	1	4	2	3	2	1	2	1	3	4	2	3	4	1	3	3	1	4	2	3	1	4	1	3	4	2	0	0	0	0	0	0	0	0	0	0	0	0	0	0	0	0	0	0	0	0	0	0	1	1	1	1	1	1	1	1	1	1	0	1	1	1	1	1	1	1	1	1	1	0	1	0	1	1	1	1	1	1	1	1	1	1	0	1	0	1	1	0	0	0	0	1	1	1	0	0	0	0	0	0	0	0	0	1	1	1	1	1	1	1	1	1	1	0	1	1	0	0	0	1	0	0	0	1	1	1	1	1	1	1	1	1	1	0	0	0	1	1	1	0	1	1	1	0	1	1	1	1	1	1	1	1	1	1	-1	-1	-1	-1	-1	-1	-1	-1	-1	-1	-1	-1	-1	-1	-1	-1	-1	-1	-1	-1	10	SDI
1	1	4	1	2	3	4	1	2	3	4	1	4	3	2	4	2	3	1	1	2	3	2	3	4	2	3	1	2	1	4	1	3	3	2	4	2	2	2	3	1	2	4	2	3	3	4	1	2	2	1	2	4	1	3	4	3	1	3	2	4	3	2	1	1	4	2	1	4	1	4	3	4	3	1	3	4	3	2	4	1	3	1	4	4	3	3	4	2	1	3	4	2	3	2	2	3	3	2	3	4	3	2	4	1	3	3	2	1	2	4	3	2	3	4	2	2	2	4	2	1	1	1	2	4	3	1	2	0	1	1	1	1	1	1	1	1	1	1	1	0	0	0	1	1	0	1	0	1	1	1	0	0	0	1	0	1	0	1	0	0	1	1	0	0	1	0	1	1	1	1	0	0	1	1	1	0	1	1	1	1	1	1	1	1	1	1	1	1	1	1	1	1	1	1	1	1	0	1	0	0	1	0	0	1	1	1	1	1	1	1	0	1	0	1	1	0	0	0	0	1	0	1	0	0	1	1	1	1	1	1	1	1	0	1	1	1	0	1	1	1	1	1	1	0	1	1	1	1	0	1	1	1	1	1	1	11	SDI
1	1	4	1	2	3	4	1	2	3	4	1	4	3	2	4	2	3	4	1	2	3	2	1	2	1	3	4	2	3	4	2	4	3	2	3	4	2	1	4	1	3	4	2	2	3	1	3	2	4	1	2	2	4	1	3	2	1	3	2	4	3	2	1	2	1	4	1	2	3	4	1	2	3	4	3	4	2	1	4	2	4	1	3	2	3	2	1	2	1	3	4	2	3	4	1	4	4	1	4	2	3	1	4	1	3	4	0	0	0	0	0	0	0	0	0	0	0	0	0	0	0	0	0	0	0	0	0	0	1	1	1	1	1	1	1	1	1	1	1	0	0	0	1	1	0	0	0	1	1	1	1	1	1	1	1	1	1	1	0	0	0	0	0	0	0	1	1	1	1	1	1	0	0	1	1	1	1	1	0	1	1	1	1	1	1	1	1	1	1	0	0	1	1	1	1	1	1	1	1	1	1	0	0	0	1	1	1	1	1	1	0	1	1	1	1	1	1	1	1	1	1	1	1	0	1	1	1	1	1	1	1	1	1	1	-1	-1	-1	-1	-1	-1	-1	-1	-1	-1	-1	-1	-1	-1	-1	-1	-1	-1	-1	-1	-1	12	SDI
1	4	2	1	4	3	4	1	3	2	2	1	3	2	1	4	2	3	1	3	2	3	2	3	1	2	3	4	2	3	4	1	3	4	2	4	2	3	1	4	1	3	4	2	1	3	4	3	2	3	1	2	2	4	3	1	2	1	3	2	4	3	2	3	2	1	0	0	0	0	0	0	0	0	0	0	0	0	0	0	0	0	0	0	0	0	0	0	0	0	0	0	0	0	0	0	0	0	0	0	0	0	0	0	0	0	0	0	0	0	0	0	0	0	0	0	0	0	0	0	0	0	0	0	0	0	0	0	0	0	0	1	0	1	1	1	0	0	0	1	0	0	0	1	0	1	1	1	0	0	0	0	1	0	0	0	1	0	0	1	0	0	1	0	0	1	0	1	1	0	0	1	1	1	1	1	1	1	0	1	0	0	0	0	0	0	0	1	1	1	0	0	1	1	-1	-1	-1	-1	-1	-1	-1	-1	-1	-1	-1	-1	-1	-1	-1	-1	-1	-1	-1	-1	-1	-1	-1	-1	-1	-1	-1	-1	-1	-1	-1	-1	-1	-1	-1	-1	-1	-1	-1	-1	-1	-1	-1	-1	-1	-1	-1	-1	-1	-1	-1	-1	-1	-1	-1	-1	-1	-1	-1	-1	-1	-1	13	SDI
1	4	1	1	4	1	1	3	2	3	4	1	4	3	2	4	1	3	1	3	2	3	2	3	4	2	4	1	2	1	2	1	4	3	2	3	2	3	4	3	1	4	4	2	2	3	1	3	2	4	1	2	4	1	3	2	2	1	3	4	2	3	1	2	1	4	2	4	4	1	4	3	3	2	1	1	4	1	1	4	2	4	1	4	4	3	2	1	2	1	3	4	2	1	4	2	4	3	2	3	2	2	4	4	1	2	4	1	2	2	4	3	2	2	1	2	4	1	4	2	1	1	3	2	2	3	1	1	0	0	0	1	0	0	0	0	1	1	1	1	1	1	1	1	1	1	1	0	1	1	1	0	0	0	0	0	1	0	0	0	1	1	1	0	0	0	1	1	1	0	1	0	1	1	0	0	0	0	1	1	1	1	1	0	0	1	1	1	1	1	1	0	1	0	0	1	0	0	0	0	1	0	0	1	0	0	1	1	1	1	1	1	0	1	1	1	1	1	1	1	1	0	1	1	1	1	1	0	0	1	1	0	1	1	1	1	1	0	1	0	0	1	1	1	1	1	0	0	0	1	1	0	1	1	1	0	14	SDI
1	1	4	1	2	3	4	1	2	3	4	1	4	1	1	4	2	4	1	4	2	3	2	1	2	2	3	4	2	1	4	1	3	4	1	4	4	2	1	3	1	4	3	2	1	3	4	3	2	3	4	2	4	1	3	4	3	1	3	4	2	3	2	2	1	4	2	1	4	1	4	3	4	2	0	0	0	0	0	0	0	0	0	0	0	0	0	0	0	0	0	0	0	0	0	0	0	0	0	0	0	0	0	0	0	0	0	0	0	0	0	0	0	0	0	0	0	0	0	0	0	0	0	0	0	0	0	0	0	1	1	1	1	1	1	1	1	1	1	1	0	0	1	1	1	1	1	1	1	1	1	1	0	1	1	1	1	1	1	1	1	1	1	0	1	0	0	0	1	1	1	1	1	1	1	1	1	1	0	1	1	1	1	1	1	1	1	1	1	1	1	0	1	1	1	1	1	1	1	1	1	1	-1	-1	-1	-1	-1	-1	-1	-1	-1	-1	-1	-1	-1	-1	-1	-1	-1	-1	-1	-1	-1	-1	-1	-1	-1	-1	-1	-1	-1	-1	-1	-1	-1	-1	-1	-1	-1	-1	-1	-1	-1	-1	-1	-1	-1	-1	-1	-1	-1	-1	-1	-1	-1	-1	15	SDI
1	3	1	1	2	3	4	1	2	3	4	1	4	2	1	4	1	3	1	4	2	3	2	1	2	3	3	4	2	3	4	2	4	3	2	3	4	2	4	3	1	2	4	1	2	3	4	1	2	2	1	2	1	1	4	2	1	3	3	2	2	3	1	2	1	3	4	1	2	3	1	4	2	3	2	1	4	2	3	4	2	3	4	1	2	3	2	3	4	2	4	1	2	1	2	1	4	3	2	3	4	3	4	3	1	4	4	2	2	3	4	1	2	2	1	2	4	1	3	4	3	1	3	2	4	3	1	2	0	0	0	1	1	1	1	1	1	1	1	1	1	1	1	1	0	0	1	1	1	1	1	1	1	0	1	1	1	1	1	1	1	1	1	0	1	1	1	1	1	1	1	1	1	1	0	0	1	0	1	0	0	0	0	0	0	0	1	1	0	1	0	0	1	0	0	1	0	0	0	0	0	0	0	0	0	0	1	1	1	1	1	1	1	1	1	1	0	0	1	1	1	1	1	1	1	1	1	1	1	0	1	1	1	0	1	0	1	1	1	1	0	1	1	1	1	1	1	1	1	1	1	1	1	1	0	0	16	SDI
1	4	1	1	2	3	4	1	2	3	4	1	4	3	2	4	2	3	4	1	2	3	2	3	1	2	3	4	2	1	4	2	4	3	2	1	4	2	4	3	1	2	4	1	3	2	1	3	2	4	1	3	2	4	1	3	2	1	3	4	4	3	2	3	2	3	4	1	2	3	4	1	2	3	4	1	4	3	3	4	2	3	1	3	2	3	2	1	2	1	3	4	2	3	4	1	3	3	1	4	2	3	1	4	1	3	4	2	0	0	0	0	0	0	0	0	0	0	0	0	0	0	0	0	0	0	0	0	0	0	0	1	1	1	1	1	1	1	1	1	1	0	0	1	1	0	0	0	1	1	1	0	0	0	1	1	1	0	1	1	1	1	1	1	1	1	1	1	1	0	1	0	1	1	1	1	1	1	1	1	1	1	0	0	0	0	0	0	1	1	0	0	1	0	1	1	1	1	1	1	1	1	1	1	0	0	0	1	1	0	1	0	1	1	1	1	1	1	1	1	1	1	1	1	1	0	1	1	1	1	1	1	1	1	1	1	-1	-1	-1	-1	-1	-1	-1	-1	-1	-1	-1	-1	-1	-1	-1	-1	-1	-1	-1	-1	17	SDI
1	3	2	1	4	3	1	3	3	3	2	2	2	2	3	4	1	1	2	2	3	1	1	3	1	3	4	1	2	1	2	1	4	3	2	3	4	3	2	4	1	3	4	2	1	2	1	3	2	4	1	2	1	2	3	1	2	1	1	2	4	3	1	2	2	4	3	1	2	3	2	4	3	1	2	1	3	2	1	4	2	4	1	4	2	3	2	1	2	1	4	4	2	3	2	2	4	3	2	4	2	2	1	3	1	3	4	2	3	2	1	1	2	4	1	3	2	4	1	3	2	1	3	3	3	3	2	1	0	0	0	1	0	1	0	0	0	1	0	0	0	0	0	1	1	0	0	0	0	0	0	0	1	1	1	1	1	1	1	1	1	1	1	0	1	0	0	0	1	0	1	0	0	0	0	0	0	0	1	1	0	0	1	0	0	1	0	0	0	1	1	0	0	0	0	0	1	1	0	1	1	0	1	1	1	1	1	1	1	1	1	1	1	1	1	0	0	0	0	1	1	0	0	0	0	0	0	1	1	0	1	0	1	1	1	1	1	1	1	0	1	1	1	1	1	1	1	1	1	1	0	0	0	1	0	0	18	SDI
1	1	4	1	2	3	4	1	2	3	4	1	4	2	1	4	2	4	1	4	2	3	2	1	1	1	4	3	1	3	2	2	4	2	1	2	3	2	1	4	1	3	4	2	3	2	1	3	2	4	1	2	1	2	4	2	1	3	1	2	4	3	1	2	1	3	1	4	2	3	1	4	3	4	2	1	2	1	3	4	2	3	4	1	2	3	0	0	0	0	0	0	0	0	0	0	0	0	0	0	0	0	0	0	0	0	0	0	0	0	0	0	0	0	0	0	0	0	0	0	0	0	0	0	0	0	0	0	0	1	1	1	1	1	1	1	1	1	1	1	0	1	1	1	1	1	1	1	1	1	1	0	0	0	0	0	0	0	0	0	0	0	1	0	0	0	1	1	1	1	1	1	1	1	1	1	1	0	0	1	1	1	1	1	1	1	1	1	1	1	1	0	1	1	1	1	1	1	1	1	1	1	0	0	1	1	1	1	1	1	1	1	1	1	-1	-1	-1	-1	-1	-1	-1	-1	-1	-1	-1	-1	-1	-1	-1	-1	-1	-1	-1	-1	-1	-1	-1	-1	-1	-1	-1	-1	-1	-1	-1	-1	-1	-1	-1	-1	-1	-1	-1	-1	-1	-1	19	SDI
1	1	4	1	2	3	4	1	2	3	4	1	4	2	1	3	2	4	1	4	2	3	2	1	2	1	3	4	2	3	2	1	3	4	1	4	2	3	1	4	1	3	4	2	1	3	4	3	2	3	4	2	1	2	1	4	2	1	3	4	2	3	1	3	1	3	1	4	4	1	4	3	4	2	1	3	2	1	0	0	0	0	0	0	0	0	0	0	0	0	0	0	0	0	0	0	0	0	0	0	0	0	0	0	0	0	0	0	0	0	0	0	0	0	0	0	0	0	0	0	0	0	0	0	0	0	0	0	0	1	1	1	1	1	1	1	1	1	1	1	0	1	1	0	1	1	1	1	1	1	1	1	1	1	1	1	1	0	0	1	1	1	1	1	1	1	1	1	1	0	0	1	1	1	1	1	1	1	1	1	1	0	0	1	0	1	1	1	1	1	1	1	1	1	1	0	1	1	1	1	1	1	1	1	1	1	-1	-1	-1	-1	-1	-1	-1	-1	-1	-1	-1	-1	-1	-1	-1	-1	-1	-1	-1	-1	-1	-1	-1	-1	-1	-1	-1	-1	-1	-1	-1	-1	-1	-1	-1	-1	-1	-1	-1	-1	-1	-1	-1	-1	-1	-1	-1	-1	-1	-1	20	SDI
2	1	4	1	2	3	4	1	2	3	4	1	2	3	3	4	2	2	1	3	2	3	2	3	2	1	3	4	2	3	4	2	4	3	2	4	2	3	1	4	1	3	4	2	3	2	1	3	2	4	1	3	4	4	2	3	2	1	3	2	4	3	1	2	2	1	4	1	2	3	4	1	4	1	1	1	4	3	2	4	2	3	1	3	2	3	2	3	2	1	3	4	2	3	4	2	4	3	2	3	4	2	4	3	1	3	4	2	3	2	1	3	2	4	0	0	0	0	0	0	0	0	0	0	0	0	0	0	1	1	1	1	1	1	1	1	1	1	0	1	0	0	0	1	1	0	1	0	1	1	1	0	1	1	1	1	1	1	1	1	1	1	0	1	1	1	1	1	1	1	1	1	1	0	0	1	1	0	0	0	0	0	0	0	0	0	0	1	1	1	1	1	1	1	1	1	1	1	0	0	0	0	0	1	0	0	0	1	1	0	1	0	1	1	1	0	1	1	1	1	1	1	1	1	1	1	0	0	0	0	0	0	1	1	1	1	1	1	1	1	1	1	-1	-1	-1	-1	-1	-1	-1	-1	-1	-1	-1	-1	-1	-1	21	SDI
1	1	4	1	2	3	4	1	2	3	4	1	4	2	1	4	2	4	1	3	4	3	2	1	2	1	3	4	2	3	4	2	4	4	1	4	2	3	1	4	1	3	4	2	3	3	4	3	2	3	4	2	1	2	4	2	3	1	3	2	2	3	1	3	1	3	1	4	2	3	1	1	4	2	1	3	2	1	3	4	2	3	0	0	0	0	0	0	0	0	0	0	0	0	0	0	0	0	0	0	0	0	0	0	0	0	0	0	0	0	0	0	0	0	0	0	0	0	0	0	0	0	0	0	0	0	0	0	0	1	1	1	1	1	1	1	1	1	1	1	0	1	1	1	1	1	1	0	0	1	1	1	1	1	1	1	1	1	1	0	0	1	1	1	1	1	1	1	1	1	1	1	0	1	1	1	1	1	1	1	1	1	1	0	1	1	1	0	1	1	1	1	1	1	1	1	1	1	0	0	1	1	1	1	1	1	1	1	1	1	-1	-1	-1	-1	-1	-1	-1	-1	-1	-1	-1	-1	-1	-1	-1	-1	-1	-1	-1	-1	-1	-1	-1	-1	-1	-1	-1	-1	-1	-1	-1	-1	-1	-1	-1	-1	-1	-1	-1	-1	-1	-1	-1	-1	-1	-1	22	SDI
1	3	4	1	2	3	4	1	2	3	4	1	4	2	1	4	2	4	1	4	2	3	2	4	1	3	3	4	2	3	4	1	4	3	1	4	2	3	1	4	1	3	4	2	3	3	4	4	2	3	4	2	1	2	4	2	3	3	1	2	4	3	1	2	2	1	4	1	2	3	4	4	2	4	2	1	3	2	1	4	2	4	1	4	4	2	2	1	1	1	3	4	2	1	4	1	3	4	1	4	0	0	0	0	0	0	0	0	0	0	0	0	0	0	0	0	0	0	0	0	0	0	0	0	0	0	0	0	0	0	1	1	1	1	1	1	1	1	1	1	0	1	1	1	1	1	1	1	1	1	1	0	0	0	1	1	1	0	1	1	0	0	1	1	1	1	1	1	1	1	1	1	0	1	1	0	1	1	1	1	1	1	1	1	0	1	1	1	1	1	1	1	1	1	1	0	1	1	0	1	0	1	1	1	1	1	1	1	1	1	1	0	0	0	1	0	0	0	1	1	1	1	1	1	1	1	1	1	-1	-1	-1	-1	-1	-1	-1	-1	-1	-1	-1	-1	-1	-1	-1	-1	-1	-1	-1	-1	-1	-1	-1	-1	-1	-1	-1	-1	23	SDI
1	1	4	1	2	3	4	1	2	3	4	1	4	1	3	4	2	3	1	4	2	3	2	1	4	2	3	4	2	3	4	2	4	3	2	1	4	3	1	4	1	3	4	2	3	2	1	3	2	4	1	2	1	2	4	2	1	3	1	2	4	3	1	2	1	3	1	4	2	3	1	4	3	4	2	1	4	1	3	4	2	3	4	1	2	3	2	0	0	0	0	0	0	0	0	0	0	0	0	0	0	0	0	0	0	0	0	0	0	0	0	0	0	0	0	0	0	0	0	0	0	0	0	0	0	0	0	0	0	1	1	1	1	1	1	1	1	1	1	1	0	0	0	1	1	0	1	1	1	1	1	1	0	0	1	1	1	1	1	1	1	1	1	1	0	1	1	1	1	1	1	1	1	1	1	1	1	0	0	1	1	1	1	1	1	1	1	1	1	1	1	0	1	1	1	1	1	1	1	1	1	1	0	0	0	1	1	1	1	1	1	1	1	1	1	-1	-1	-1	-1	-1	-1	-1	-1	-1	-1	-1	-1	-1	-1	-1	-1	-1	-1	-1	-1	-1	-1	-1	-1	-1	-1	-1	-1	-1	-1	-1	-1	-1	-1	-1	-1	-1	-1	-1	-1	-1	24	SDI
1	4	1	4	4	1	2	3	3	2	4	1	3	3	2	4	1	3	1	3	4	2	3	4	1	3	4	2	2	1	4	1	4	3	2	1	4	2	4	3	1	2	4	2	3	2	1	3	2	4	1	3	2	1	4	2	1	3	1	2	4	3	1	2	2	3	1	4	2	3	1	4	3	4	2	1	4	1	3	4	2	3	4	1	2	3	2	0	0	0	0	0	0	0	0	0	0	0	0	0	0	0	0	0	0	0	0	0	0	0	0	0	0	0	0	0	0	0	0	0	0	0	0	0	0	0	0	0	0	0	0	0	0	0	0	0	0	0	1	1	0	1	1	1	1	1	1	1	1	1	1	0	0	0	0	0	1	0	1	0	1	1	1	1	1	1	1	1	1	1	1	1	1	1	1	1	1	1	1	1	0	0	1	1	1	1	1	1	1	1	1	1	0	1	1	1	1	1	1	1	1	1	1	0	0	1	1	1	1	1	1	1	1	1	1	-1	-1	-1	-1	-1	-1	-1	-1	-1	-1	-1	-1	-1	-1	-1	-1	-1	-1	-1	-1	-1	-1	-1	-1	-1	-1	-1	-1	-1	-1	-1	-1	-1	-1	-1	-1	-1	-1	-1	-1	-1	25	SDI
1	1	4	1	2	3	4	1	2	3	4	1	4	3	3	4	2	3	4	4	2	3	2	3	1	2	3	4	2	1	4	1	3	4	2	4	2	3	4	3	1	2	4	1	2	3	4	1	3	4	1	3	2	4	1	3	2	1	3	2	4	3	2	1	1	4	1	1	4	3	1	3	3	2	1	1	3	1	3	4	2	3	1	3	4	2	3	4	1	3	4	1	2	1	4	2	3	3	2	4	4	2	4	3	1	2	4	1	2	3	4	3	2	4	1	3	2	4	1	3	2	0	0	0	0	0	0	0	0	1	1	1	1	1	1	1	1	1	1	1	0	0	0	1	1	0	0	1	1	1	1	0	0	0	1	1	1	0	1	0	0	0	1	0	0	0	1	1	1	1	1	1	1	1	1	1	0	1	1	1	1	1	1	1	1	1	1	1	1	1	0	0	0	0	0	1	0	1	0	0	0	0	0	1	0	0	0	1	0	1	1	1	1	1	1	1	1	1	1	0	1	0	1	1	0	1	1	0	1	1	1	1	1	1	1	1	1	1	0	1	1	1	1	1	1	1	1	1	1	-1	-1	-1	-1	-1	-1	-1	26	SDI
1	4	4	1	4	3	4	1	4	2	2	1	2	2	3	4	1	3	1	4	2	3	1	3	2	1	4	1	2	1	2	1	4	3	2	3	4	3	1	4	1	4	4	2	1	3	4	3	3	4	1	2	4	1	3	4	3	1	3	4	2	3	1	3	1	4	1	1	2	3	1	4	3	2	1	1	2	1	3	4	2	3	4	1	2	3	2	3	4	1	4	4	2	3	4	1	4	3	1	4	4	2	1	4	1	2	3	2	3	3	1	1	3	2	1	3	4	4	1	4	2	1	1	4	4	3	1	2	0	0	1	1	0	1	1	1	0	0	0	1	0	0	0	1	1	1	1	0	0	0	0	0	0	0	1	1	1	1	1	1	1	1	1	1	1	0	0	0	1	0	1	0	0	1	1	0	1	0	1	1	1	1	1	1	1	1	1	1	0	1	0	0	1	1	0	1	0	0	0	0	0	1	1	0	1	1	1	1	1	1	1	1	1	1	0	0	0	0	1	0	1	0	0	1	1	1	0	0	1	0	0	1	1	0	1	1	0	1	0	0	0	0	0	0	0	0	0	0	0	0	1	0	1	1	1	1	27	SDI
1	4	4	1	2	3	4	1	2	3	4	1	4	3	1	4	2	3	1	1	2	3	2	3	4	2	3	4	2	1	4	2	4	3	2	1	4	2	4	3	1	2	4	1	3	2	1	3	3	2	1	2	2	4	1	3	2	1	3	4	4	3	2	1	1	4	2	1	4	1	4	3	4	2	1	3	3	1	1	4	2	4	1	3	4	2	3	4	1	3	4	1	2	1	4	2	4	3	2	1	4	2	4	3	1	2	4	2	3	2	1	3	2	4	1	3	0	0	0	0	0	0	0	0	0	0	0	0	0	0	1	1	1	1	1	1	1	1	1	1	0	0	1	1	1	0	1	0	1	1	1	0	0	0	1	1	1	0	1	1	1	1	1	1	1	1	1	1	1	0	1	0	1	1	1	1	0	0	1	0	1	1	1	1	1	1	1	0	1	1	1	1	1	1	1	1	1	1	1	0	0	0	0	0	0	0	0	1	0	0	1	1	1	1	1	1	1	1	1	1	1	0	1	1	1	1	1	1	1	1	1	1	1	0	1	1	1	1	1	1	1	1	1	1	-1	-1	-1	-1	-1	-1	-1	-1	-1	-1	-1	-1	28	SDI
1	1	4	1	2	3	4	1	2	3	4	1	4	3	3	4	2	3	1	3	2	3	2	4	1	3	3	4	2	1	4	2	4	4	2	1	4	3	4	3	1	2	3	1	2	3	4	1	3	2	1	2	4	1	3	3	2	1	3	4	4	3	2	1	1	4	2	1	4	1	4	3	4	2	2	1	2	2	1	4	2	3	1	3	2	3	3	4	1	3	4	1	2	1	4	1	4	3	2	3	4	3	2	4	1	4	4	2	1	3	4	3	2	2	1	2	4	2	3	4	3	1	3	4	2	3	1	3	0	1	1	1	1	1	1	1	1	1	1	1	0	0	0	1	1	0	1	0	1	1	1	0	0	0	1	1	1	0	1	1	1	0	1	1	1	0	1	1	1	1	0	1	1	1	1	1	1	1	1	1	1	0	0	1	1	1	1	0	1	1	1	1	1	1	1	1	1	1	1	0	0	0	0	1	0	0	0	1	0	1	1	1	0	0	1	1	1	1	1	1	1	1	0	1	1	1	1	1	1	1	1	1	1	0	1	0	0	1	1	0	0	1	1	1	1	0	1	1	1	1	1	1	1	1	1	1	29	SDI
1	1	4	1	2	3	4	1	2	2	4	1	4	3	2	4	1	3	1	3	4	3	2	1	2	1	3	4	2	3	4	2	4	3	1	4	2	3	1	4	1	3	4	2	3	2	4	3	2	3	1	2	1	2	4	2	1	3	1	2	4	3	1	2	1	4	2	1	4	3	1	4	4	2	2	1	3	2	1	4	2	4	1	4	2	3	2	1	4	2	3	4	2	3	4	1	4	4	1	4	2	3	1	4	1	3	4	0	0	0	0	0	0	0	0	0	0	0	0	0	0	0	0	0	0	0	0	0	0	1	1	1	1	1	1	1	1	0	1	1	1	1	1	1	1	1	1	1	0	1	1	1	1	1	1	1	1	1	1	0	0	0	1	1	1	1	1	1	1	1	1	1	0	0	1	1	1	1	0	1	1	1	1	1	1	1	1	1	1	1	1	0	1	0	0	0	0	1	1	1	0	0	1	1	1	1	1	1	1	1	1	1	1	1	1	0	1	1	1	1	1	0	1	1	0	1	1	1	1	1	1	1	1	1	1	-1	-1	-1	-1	-1	-1	-1	-1	-1	-1	-1	-1	-1	-1	-1	-1	-1	-1	-1	-1	-1	30	SDI
2	1	4	1	2	3	4	1	2	3	4	1	2	2	2	4	2	3	1	4	2	3	2	1	1	1	3	4	2	1	4	1	4	3	2	1	4	2	4	3	1	2	4	1	1	2	1	3	2	4	1	3	2	4	1	3	1	3	1	2	4	3	1	2	2	1	4	4	2	3	1	4	3	4	2	1	3	2	3	4	2	3	4	1	2	3	2	3	0	0	0	0	0	0	0	0	0	0	0	0	0	0	0	0	0	0	0	0	0	0	0	0	0	0	0	0	0	0	0	0	0	0	0	0	0	0	0	0	1	1	1	1	1	1	1	1	1	1	0	1	0	1	0	1	1	0	1	1	1	1	1	1	0	1	1	1	1	0	1	0	1	1	1	1	1	1	1	1	1	1	1	0	0	1	1	1	1	1	1	1	1	1	1	0	1	1	1	1	1	1	1	1	1	1	0	1	1	1	1	1	1	1	1	1	1	0	1	1	1	1	1	1	1	1	1	1	-1	-1	-1	-1	-1	-1	-1	-1	-1	-1	-1	-1	-1	-1	-1	-1	-1	-1	-1	-1	-1	-1	-1	-1	-1	-1	-1	-1	-1	-1	-1	-1	-1	-1	-1	-1	-1	-1	-1	-1	31	SDI
1	1	4	1	2	3	4	1	2	3	4	1	4	1	1	4	2	4	1	4	4	3	2	1	2	1	3	4	2	3	4	2	3	4	1	4	2	3	1	4	1	3	4	2	1	3	4	3	2	3	1	2	1	2	4	2	1	3	1	2	4	3	1	2	1	3	1	4	2	3	1	4	3	4	2	3	2	1	3	4	2	3	4	1	2	0	0	0	0	0	0	0	0	0	0	0	0	0	0	0	0	0	0	0	0	0	0	0	0	0	0	0	0	0	0	0	0	0	0	0	0	0	0	0	0	0	0	0	0	1	1	1	1	1	1	1	1	1	1	1	0	0	1	1	1	1	1	1	0	1	1	1	1	1	1	1	1	1	1	0	1	1	1	1	1	1	1	1	1	1	0	1	1	1	1	1	1	1	0	1	1	1	1	1	1	1	1	1	1	1	1	0	1	1	1	1	1	1	1	1	1	1	0	1	1	1	1	1	1	1	1	1	1	-1	-1	-1	-1	-1	-1	-1	-1	-1	-1	-1	-1	-1	-1	-1	-1	-1	-1	-1	-1	-1	-1	-1	-1	-1	-1	-1	-1	-1	-1	-1	-1	-1	-1	-1	-1	-1	-1	-1	-1	-1	-1	-1	32	SDI
1	4	4	1	2	3	4	1	2	3	4	1	4	1	3	4	2	4	1	4	2	3	2	1	2	1	4	4	2	1	4	1	3	4	1	4	2	3	1	4	1	4	3	2	1	3	4	3	2	3	1	3	4	1	3	4	3	1	3	4	2	3	1	3	2	4	2	1	4	1	4	3	4	2	1	0	0	0	0	0	0	0	0	0	0	0	0	0	0	0	0	0	0	0	0	0	0	0	0	0	0	0	0	0	0	0	0	0	0	0	0	0	0	0	0	0	0	0	0	0	0	0	0	0	0	0	0	0	0	0	1	1	1	1	1	1	1	1	1	1	0	0	0	1	1	1	1	1	1	1	1	1	1	0	0	1	1	1	1	1	1	1	1	1	1	1	0	1	1	1	1	1	1	1	1	1	1	0	1	0	1	1	1	1	1	1	1	1	1	1	0	0	0	1	1	1	1	1	1	1	1	1	1	-1	-1	-1	-1	-1	-1	-1	-1	-1	-1	-1	-1	-1	-1	-1	-1	-1	-1	-1	-1	-1	-1	-1	-1	-1	-1	-1	-1	-1	-1	-1	-1	-1	-1	-1	-1	-1	-1	-1	-1	-1	-1	-1	-1	-1	-1	-1	-1	-1	-1	-1	-1	-1	33	SDI
1	1	4	1	2	3	4	1	2	3	4	1	4	3	1	2	2	3	1	4	2	3	2	1	4	1	3	4	2	3	4	2	4	3	2	1	4	2	4	4	1	3	4	2	3	2	1	3	2	4	1	2	1	2	4	2	1	3	1	2	2	3	1	2	1	1	4	1	2	3	4	1	2	3	4	1	4	3	1	4	2	4	1	4	2	3	2	1	2	3	3	4	2	3	4	2	4	3	1	4	2	3	1	4	1	3	4	2	0	0	0	0	0	0	0	0	0	0	0	0	0	0	0	0	0	0	0	0	0	1	1	1	1	1	1	1	1	1	1	1	0	0	1	0	1	0	1	1	1	1	1	1	0	1	1	1	1	1	1	1	1	1	1	0	0	0	0	1	1	1	1	1	1	1	1	1	1	0	0	1	1	1	1	1	1	1	1	1	0	1	1	1	0	1	1	1	1	1	1	1	1	1	1	1	0	0	1	1	1	1	1	1	1	1	1	1	0	0	1	1	1	0	1	0	0	0	1	1	1	1	1	1	1	1	1	1	-1	-1	-1	-1	-1	-1	-1	-1	-1	-1	-1	-1	-1	-1	-1	-1	-1	-1	-1	-1	34	SDI
1	1	4	1	2	3	4	1	2	3	4	1	4	1	1	4	2	4	1	4	2	3	2	1	2	2	3	4	2	1	4	1	3	4	1	4	4	3	2	4	1	4	3	2	1	3	4	3	3	2	1	2	4	2	1	4	3	1	3	4	2	3	1	3	1	3	2	1	4	1	4	3	4	2	1	3	0	0	0	0	0	0	0	0	0	0	0	0	0	0	0	0	0	0	0	0	0	0	0	0	0	0	0	0	0	0	0	0	0	0	0	0	0	0	0	0	0	0	0	0	0	0	0	0	0	0	0	0	0	1	1	1	1	1	1	1	1	1	1	1	0	0	1	1	1	1	1	1	1	1	1	1	0	1	1	1	1	1	1	1	1	1	1	0	1	1	1	1	1	1	1	1	1	1	1	0	1	1	1	1	1	0	0	1	1	1	1	1	1	1	1	1	1	0	1	1	1	1	1	1	1	1	1	1	-1	-1	-1	-1	-1	-1	-1	-1	-1	-1	-1	-1	-1	-1	-1	-1	-1	-1	-1	-1	-1	-1	-1	-1	-1	-1	-1	-1	-1	-1	-1	-1	-1	-1	-1	-1	-1	-1	-1	-1	-1	-1	-1	-1	-1	-1	-1	-1	-1	-1	-1	-1	35	SDI
1	1	4	1	2	3	4	1	2	3	4	1	4	3	2	3	2	3	4	1	2	3	2	4	4	2	3	4	2	1	2	1	3	4	1	1	2	2	1	3	1	2	4	2	2	3	4	1	3	2	1	2	4	1	3	3	2	1	3	2	4	3	2	1	1	4	1	1	4	3	1	1	2	3	4	1	4	3	2	4	1	3	4	4	2	3	2	3	2	1	3	4	2	3	4	2	4	3	2	4	2	3	1	4	1	3	4	2	3	0	0	0	0	0	0	0	0	0	0	0	0	0	0	0	0	0	0	0	0	1	1	1	1	1	1	1	1	1	1	1	0	0	0	0	1	0	0	0	1	1	1	0	0	0	1	1	1	0	0	0	0	0	0	1	0	1	0	1	1	1	1	0	1	1	1	1	1	1	1	1	1	1	0	1	1	1	1	1	1	1	1	1	1	0	0	1	0	1	0	1	1	1	1	1	1	1	1	1	1	0	0	1	1	1	1	0	1	1	1	1	1	1	1	1	1	1	0	1	1	1	1	1	1	1	1	1	1	-1	-1	-1	-1	-1	-1	-1	-1	-1	-1	-1	-1	-1	-1	-1	-1	-1	-1	-1	36	SDI
1	1	4	1	2	3	4	1	2	3	4	1	4	2	1	4	2	4	1	4	2	3	2	1	1	2	3	4	2	1	4	1	3	4	1	4	4	2	2	4	1	4	3	2	1	3	4	3	2	2	1	2	4	1	3	4	3	1	3	4	4	3	2	1	1	4	2	1	4	1	0	0	0	0	0	0	0	0	0	0	0	0	0	0	0	0	0	0	0	0	0	0	0	0	0	0	0	0	0	0	0	0	0	0	0	0	0	0	0	0	0	0	0	0	0	0	0	0	0	0	0	0	0	0	0	0	0	0	0	1	1	1	1	1	1	1	1	1	1	1	0	1	1	1	1	1	1	1	1	1	1	0	0	1	1	1	1	1	1	1	1	1	1	0	1	0	1	1	1	1	1	1	1	1	1	1	0	1	1	1	1	1	1	1	1	1	1	0	1	1	1	1	1	1	1	1	1	1	-1	-1	-1	-1	-1	-1	-1	-1	-1	-1	-1	-1	-1	-1	-1	-1	-1	-1	-1	-1	-1	-1	-1	-1	-1	-1	-1	-1	-1	-1	-1	-1	-1	-1	-1	-1	-1	-1	-1	-1	-1	-1	-1	-1	-1	-1	-1	-1	-1	-1	-1	-1	-1	-1	-1	-1	-1	-1	37	SDI
1	4	3	1	1	3	4	3	4	3	4	1	4	3	2	4	1	3	1	3	3	2	2	3	4	3	3	4	2	1	4	1	4	4	2	4	2	3	1	4	1	4	4	2	2	3	4	3	2	2	1	2	4	1	3	3	4	1	3	4	4	3	1	1	0	0	0	0	0	0	0	0	0	0	0	0	0	0	0	0	0	0	0	0	0	0	0	0	0	0	0	0	0	0	0	0	0	0	0	0	0	0	0	0	0	0	0	0	0	0	0	0	0	0	0	0	0	0	0	0	0	0	0	0	0	0	0	0	0	0	0	1	0	1	1	0	0	1	1	1	1	1	1	1	1	1	1	0	0	0	1	0	0	0	1	1	1	0	1	0	1	0	1	0	0	0	0	0	1	0	1	0	1	1	1	0	0	1	1	1	1	1	1	0	0	1	1	1	0	1	1	0	-1	-1	-1	-1	-1	-1	-1	-1	-1	-1	-1	-1	-1	-1	-1	-1	-1	-1	-1	-1	-1	-1	-1	-1	-1	-1	-1	-1	-1	-1	-1	-1	-1	-1	-1	-1	-1	-1	-1	-1	-1	-1	-1	-1	-1	-1	-1	-1	-1	-1	-1	-1	-1	-1	-1	-1	-1	-1	-1	-1	-1	-1	-1	-1	38	SDI
1	4	2	1	2	3	4	4	2	1	2	1	3	2	1	4	2	3	4	3	4	3	1	3	4	3	4	4	2	1	2	1	3	2	1	4	2	2	3	2	2	3	0	0	0	0	0	0	0	0	0	0	0	0	0	0	0	0	0	0	0	0	0	0	0	0	0	0	0	0	0	0	0	0	0	0	0	0	0	0	0	0	0	0	0	0	0	0	0	0	0	0	0	0	0	0	0	0	0	0	0	0	0	0	0	0	0	0	0	0	0	0	0	0	0	0	0	0	0	0	0	0	0	0	0	0	0	0	0	0	0	1	1	1	1	0	1	0	0	1	0	0	0	1	0	1	0	1	1	0	0	0	0	1	1	0	1	1	1	1	0	0	0	0	0	0	0	0	0	0	-1	-1	-1	-1	-1	-1	-1	-1	-1	-1	-1	-1	-1	-1	-1	-1	-1	-1	-1	-1	-1	-1	-1	-1	-1	-1	-1	-1	-1	-1	-1	-1	-1	-1	-1	-1	-1	-1	-1	-1	-1	-1	-1	-1	-1	-1	-1	-1	-1	-1	-1	-1	-1	-1	-1	-1	-1	-1	-1	-1	-1	-1	-1	-1	-1	-1	-1	-1	-1	-1	-1	-1	-1	-1	-1	-1	-1	-1	-1	-1	-1	-1	-1	-1	-1	-1	39	SDI
